0.000000000000000000e+00 0.000000000000000000e+00 0.000000000000000000e+00 0.000000000000000000e+00 0.000000000000000000e+00 0.000000000000000000e+00 0.000000000000000000e+00 0.000000000000000000e+00 0.000000000000000000e+00 0.000000000000000000e+00
0.000000000000000000e+00 0.000000000000000000e+00 0.000000000000000000e+00 0.000000000000000000e+00 0.000000000000000000e+00 0.000000000000000000e+00 0.000000000000000000e+00 0.000000000000000000e+00 0.000000000000000000e+00 0.000000000000000000e+00
0.000000000000000000e+00 0.000000000000000000e+00 0.000000000000000000e+00 0.000000000000000000e+00 0.000000000000000000e+00 0.000000000000000000e+00 0.000000000000000000e+00 0.000000000000000000e+00 0.000000000000000000e+00 8.000000000000000654e-05
0.000000000000000000e+00 0.000000000000000000e+00 3.759999999999999237e-04 5.703999999999999869e-03 6.020000000000000351e-02 9.532000000000001583e-02 1.268559999999999965e-01 1.531440000000000023e-01 1.722800000000000165e-01 1.877760000000000262e-01
0.000000000000000000e+00 7.999999999999999638e-06 6.328799999999999704e-02 1.323599999999999777e-01 1.895679999999999865e-01 2.250560000000000060e-01 2.529199999999999782e-01 2.740719999999999823e-01 2.911759999999999904e-01 3.026079999999999881e-01
0.000000000000000000e+00 7.239999999999999908e-03 1.187359999999999943e-01 1.957280000000000131e-01 2.497040000000000093e-01 2.854639999999999955e-01 3.178799999999999404e-01 3.352160000000000140e-01 3.518240000000000256e-01 3.672800000000001064e-01
0.000000000000000000e+00 5.535199999999999843e-02 1.586480000000000112e-01 2.331040000000000056e-01 2.861839999999999939e-01 3.223279999999999479e-01 3.532959999999999989e-01 3.782720000000000526e-01 3.921040000000000081e-01 4.091120000000000867e-01
0.000000000000000000e+00 7.027200000000000113e-02 1.794000000000000039e-01 2.533680000000000376e-01 3.093999999999999528e-01 3.490159999999999929e-01 3.777200000000000002e-01 4.032720000000000748e-01 4.255440000000000889e-01 4.382079999999999864e-01
0.000000000000000000e+00 7.891200000000000991e-02 1.889840000000000131e-01 2.670800000000000396e-01 3.296240000000000281e-01 3.693760000000000376e-01 4.028079999999999439e-01 4.258239999999999803e-01 4.478239999999999998e-01 4.609199999999999964e-01
0.000000000000000000e+00 8.787999999999999978e-02 1.997999999999999776e-01 2.792960000000000442e-01 3.383360000000000256e-01 3.828400000000000691e-01 4.189439999999999831e-01 4.427119999999999944e-01 4.639520000000000310e-01 4.814719999999999556e-01
