0.000000000000000000e+00 2.430647103999999672e+03
5.263157894736841813e-01 2.507356336000000283e+03
1.052631578947368363e+00 2.530472703999999794e+03
1.578947368421052655e+00 2.452175423999999566e+03
2.105263157894736725e+00 2.962007599999999911e+03
2.631578947368420796e+00 2.355496496000000207e+03
3.157894736842105310e+00 2.357012400000000071e+03
3.684210526315789380e+00 2.503735999999999876e+03
4.210526315789473450e+00 2.451030463999999483e+03
4.736842105263157521e+00 2.492179264000000330e+03
5.263157894736841591e+00 2.820700336000000334e+03
5.789473684210525661e+00 2.470252736000000368e+03
6.315789473684210620e+00 2.779582399999999780e+03
6.842105263157894690e+00 2.292200624000000062e+03
7.368421052631578760e+00 2.515091376000000309e+03
7.894736842105262831e+00 2.609510400000000118e+03
8.421052631578946901e+00 2.686739504000000125e+03
8.947368421052631859e+00 2.689288575999999921e+03
9.473684210526315042e+00 2.291020735999999943e+03
1.000000000000000000e+01 2.353638063999999758e+03
