0.000000000000000000e+00 1.336000000000000076e+00
5.263157894736841813e-01 1.731080000000000041e+02
1.052631578947368363e+00 1.046400000000000041e+01
1.578947368421052655e+00 -1.259759999999999991e+02
2.105263157894736725e+00 5.159800000000000182e+02
2.631578947368420796e+00 1.062519999999999953e+02
3.157894736842105310e+00 1.694000000000000128e+01
3.684210526315789380e+00 -3.779999999999999716e+01
4.210526315789473450e+00 8.325600000000000023e+01
4.736842105263157521e+00 2.314399999999999835e+01
5.263157894736841591e+00 8.108000000000000540e+00
5.789473684210525661e+00 2.791999999999999815e+00
6.315789473684210620e+00 1.959999999999999964e+00
6.842105263157894690e+00 -1.239999999999999991e-01
7.368421052631578760e+00 2.068000000000000060e+00
7.894736842105262831e+00 1.040000000000000036e+00
8.421052631578946901e+00 -3.639999999999999902e-01
8.947368421052631859e+00 3.679999999999999938e-01
9.473684210526315042e+00 -1.207999999999999963e+00
1.000000000000000000e+01 -9.559999999999999609e-01
