0.000000000000000000e+00 -1.360399999999999920e+01
5.263157894736841813e-01 -6.626273684210512727e+01
1.052631578947368363e+00 -5.051136842105262303e+01
1.578947368421052655e+00 -3.451726315789479571e+01
2.105263157894736725e+00 -6.058484210526365388e+01
2.631578947368420796e+00 -5.262926315789469101e+01
3.157894736842105310e+00 -2.654336842105261951e+01
3.684210526315789380e+00 -1.498442105263161572e+01
4.210526315789473450e+00 -2.933978947368435897e+01
4.736842105263157521e+00 -2.138273684210525261e+01
5.263157894736841591e+00 -1.056484210526314627e+01
5.789473684210525661e+00 -6.030105263157887308e+00
6.315789473684210620e+00 -2.761473684210499435e+00
6.842105263157894690e+00 3.528210526315779028e+00
7.368421052631578760e+00 -9.598947368421052673e+00
7.894736842105262831e+00 -3.461263157894735709e+00
8.421052631578946901e+00 2.966315789473705777e-01
8.947368421052631859e+00 1.113684210526305174e+00
9.473684210526315042e+00 5.094105263157887364e+00
1.000000000000000000e+01 4.064000000000000057e+00
