5.845000000000000195e-02 5.244999999999999662e-02 5.215000000000000191e-02 5.465000000000000413e-02 4.995000000000000134e-02 5.020000000000000157e-02 5.079999999999999793e-02 5.359999999999999487e-02 5.540000000000000480e-02 5.235000000000000070e-02
9.585000000000000464e-02 1.192000000000000004e-01 1.391499999999999959e-01 1.516000000000000125e-01 1.701999999999999902e-01 1.803000000000000158e-01 1.790499999999999869e-01 1.615499999999999992e-01 1.794999999999999929e-01 1.844999999999999973e-01
1.146999999999999964e-01 1.527000000000000024e-01 1.930000000000000049e-01 2.289499999999999869e-01 2.650000000000000133e-01 2.835499999999999687e-01 2.894499999999999851e-01 3.037499999999999645e-01 3.117499999999999716e-01 3.065499999999999892e-01
1.247499999999999998e-01 1.813000000000000167e-01 2.263000000000000012e-01 2.862999999999999989e-01 3.328499999999999792e-01 3.638000000000000123e-01 3.804000000000000159e-01 3.976999999999999980e-01 4.008500000000000396e-01 4.232500000000000151e-01
1.348000000000000032e-01 1.894500000000000073e-01 2.454000000000000070e-01 3.277999999999999803e-01 3.654999999999999916e-01 4.022999999999999909e-01 4.304999999999999938e-01 4.516999999999999904e-01 4.533500000000000307e-01 4.725000000000000311e-01
1.274000000000000132e-01 1.975000000000000089e-01 2.602499999999999813e-01 3.437500000000000000e-01 3.930500000000000105e-01 4.465999999999999970e-01 4.700999999999999623e-01 4.852499999999999591e-01 4.932999999999999607e-01 5.084500000000000686e-01
1.174000000000000044e-01 2.001499999999999946e-01 2.772499999999999964e-01 3.509999999999999787e-01 4.151000000000000245e-01 4.684500000000000330e-01 4.904000000000000026e-01 5.096000000000000529e-01 5.277499999999999414e-01 5.443999999999999950e-01
1.253499999999999892e-01 1.895999999999999908e-01 2.749500000000000277e-01 3.639499999999999957e-01 4.296999999999999709e-01 4.756000000000000227e-01 5.012499999999999734e-01 5.267999999999999350e-01 5.517000000000000792e-01 5.602499999999999147e-01
1.134000000000000008e-01 2.006499999999999950e-01 2.742499999999999938e-01 3.750999999999999890e-01 4.470000000000000084e-01 4.930999999999999828e-01 5.185999999999999499e-01 5.498499999999999499e-01 5.670500000000000540e-01 5.823000000000000398e-01
1.184999999999999942e-01 1.900000000000000022e-01 2.834499999999999797e-01 3.546500000000000208e-01 4.543500000000000316e-01 5.095499999999999474e-01 5.293499999999999872e-01 5.598000000000000753e-01 5.718499999999999694e-01 5.898999999999999799e-01
