-4.704000000000000000e+03 -4.688000000000000000e+03 -4.684000000000000000e+03 -4.700000000000000000e+03 -4.744000000000000000e+03 -4.744000000000000000e+03 -4.772000000000000000e+03 -4.788000000000000000e+03 -4.812000000000000000e+03 -4.824000000000000000e+03 -4.824000000000000000e+03 -4.832000000000000000e+03 -4.840000000000000000e+03 -4.868000000000000000e+03 -4.892000000000000000e+03 -4.908000000000000000e+03 -4.932000000000000000e+03 -4.956000000000000000e+03 -4.992000000000000000e+03 -5.000000000000000000e+03
-4.988000000000000000e+03 -4.984000000000000000e+03 -4.984000000000000000e+03 -4.972000000000000000e+03 -5.000000000000000000e+03 -4.984000000000000000e+03 -4.964000000000000000e+03 -4.984000000000000000e+03 -4.984000000000000000e+03 -4.992000000000000000e+03 -4.976000000000000000e+03 -4.984000000000000000e+03 -4.984000000000000000e+03 -4.964000000000000000e+03 -4.984000000000000000e+03 -5.000000000000000000e+03 -5.000000000000000000e+03 -4.984000000000000000e+03 -4.992000000000000000e+03 -4.984000000000000000e+03
-4.976000000000000000e+03 -4.984000000000000000e+03 -4.968000000000000000e+03 -4.968000000000000000e+03 -4.992000000000000000e+03 -4.960000000000000000e+03 -4.968000000000000000e+03 -4.976000000000000000e+03 -4.968000000000000000e+03 -4.984000000000000000e+03 -4.960000000000000000e+03 -4.976000000000000000e+03 -4.960000000000000000e+03 -4.976000000000000000e+03 -4.984000000000000000e+03 -4.968000000000000000e+03 -4.976000000000000000e+03 -4.976000000000000000e+03 -4.976000000000000000e+03 -4.968000000000000000e+03
-4.952000000000000000e+03 -4.924000000000000000e+03 -4.960000000000000000e+03 -4.976000000000000000e+03 -4.948000000000000000e+03 -4.932000000000000000e+03 -4.932000000000000000e+03 -4.964000000000000000e+03 -4.936000000000000000e+03 -4.948000000000000000e+03 -4.972000000000000000e+03 -4.976000000000000000e+03 -4.960000000000000000e+03 -4.944000000000000000e+03 -4.900000000000000000e+03 -4.912000000000000000e+03 -4.992000000000000000e+03 -4.952000000000000000e+03 -4.964000000000000000e+03 -4.944000000000000000e+03
-4.932000000000000000e+03 -4.856000000000000000e+03 -4.960000000000000000e+03 -4.932000000000000000e+03 -4.936000000000000000e+03 -4.856000000000000000e+03 -4.940000000000000000e+03 -4.968000000000000000e+03 -4.916000000000000000e+03 -4.900000000000000000e+03 -4.920000000000000000e+03 -4.916000000000000000e+03 -4.928000000000000000e+03 -4.884000000000000000e+03 -4.908000000000000000e+03 -4.912000000000000000e+03 -4.904000000000000000e+03 -4.932000000000000000e+03 -4.876000000000000000e+03 -4.952000000000000000e+03
-4.812000000000000000e+03 -4.856000000000000000e+03 -4.876000000000000000e+03 -4.876000000000000000e+03 -4.880000000000000000e+03 -4.888000000000000000e+03 -4.824000000000000000e+03 -4.900000000000000000e+03 -4.848000000000000000e+03 -4.840000000000000000e+03 -4.860000000000000000e+03 -4.844000000000000000e+03 -4.900000000000000000e+03 -4.880000000000000000e+03 -4.844000000000000000e+03 -4.896000000000000000e+03 -4.912000000000000000e+03 -4.868000000000000000e+03 -4.852000000000000000e+03 -4.904000000000000000e+03
-4.784000000000000000e+03 -4.788000000000000000e+03 -4.796000000000000000e+03 -4.816000000000000000e+03 -4.724000000000000000e+03 -4.784000000000000000e+03 -4.852000000000000000e+03 -4.844000000000000000e+03 -4.848000000000000000e+03 -4.804000000000000000e+03 -4.720000000000000000e+03 -4.852000000000000000e+03 -4.848000000000000000e+03 -4.820000000000000000e+03 -4.900000000000000000e+03 -4.880000000000000000e+03 -4.760000000000000000e+03 -4.796000000000000000e+03 -4.768000000000000000e+03 -4.796000000000000000e+03
-4.656000000000000000e+03 -4.752000000000000000e+03 -4.736000000000000000e+03 -4.736000000000000000e+03 -4.696000000000000000e+03 -4.756000000000000000e+03 -4.548000000000000000e+03 -4.664000000000000000e+03 -4.764000000000000000e+03 -4.624000000000000000e+03 -4.628000000000000000e+03 -4.748000000000000000e+03 -4.672000000000000000e+03 -4.728000000000000000e+03 -4.596000000000000000e+03 -4.724000000000000000e+03 -4.800000000000000000e+03 -4.720000000000000000e+03 -4.680000000000000000e+03 -4.668000000000000000e+03
-4.640000000000000000e+03 -4.484000000000000000e+03 -4.636000000000000000e+03 -4.692000000000000000e+03 -4.624000000000000000e+03 -4.696000000000000000e+03 -4.632000000000000000e+03 -4.656000000000000000e+03 -4.484000000000000000e+03 -4.496000000000000000e+03 -4.608000000000000000e+03 -4.580000000000000000e+03 -4.560000000000000000e+03 -4.576000000000000000e+03 -4.720000000000000000e+03 -4.592000000000000000e+03 -4.612000000000000000e+03 -4.640000000000000000e+03 -4.584000000000000000e+03 -4.432000000000000000e+03
-4.372000000000000000e+03 -4.532000000000000000e+03 -4.436000000000000000e+03 -4.532000000000000000e+03 -4.476000000000000000e+03 -4.472000000000000000e+03 -4.528000000000000000e+03 -4.372000000000000000e+03 -4.516000000000000000e+03 -4.336000000000000000e+03 -4.424000000000000000e+03 -4.472000000000000000e+03 -4.664000000000000000e+03 -4.488000000000000000e+03 -4.496000000000000000e+03 -4.540000000000000000e+03 -4.264000000000000000e+03 -4.348000000000000000e+03 -4.452000000000000000e+03 -4.408000000000000000e+03
-4.316000000000000000e+03 -4.140000000000000000e+03 -4.224000000000000000e+03 -4.236000000000000000e+03 -4.228000000000000000e+03 -4.424000000000000000e+03 -4.468000000000000000e+03 -4.244000000000000000e+03 -4.244000000000000000e+03 -4.244000000000000000e+03 -4.204000000000000000e+03 -4.332000000000000000e+03 -4.420000000000000000e+03 -4.416000000000000000e+03 -4.264000000000000000e+03 -4.156000000000000000e+03 -4.348000000000000000e+03 -4.148000000000000000e+03 -4.336000000000000000e+03 -4.192000000000000000e+03
-3.900000000000000000e+03 -3.920000000000000000e+03 -3.972000000000000000e+03 -4.108000000000000000e+03 -3.884000000000000000e+03 -3.980000000000000000e+03 -4.096000000000000000e+03 -3.976000000000000000e+03 -3.928000000000000000e+03 -3.784000000000000000e+03 -3.820000000000000000e+03 -4.064000000000000000e+03 -4.132000000000000000e+03 -4.120000000000000000e+03 -4.172000000000000000e+03 -3.912000000000000000e+03 -3.836000000000000000e+03 -3.908000000000000000e+03 -3.864000000000000000e+03 -3.856000000000000000e+03
-3.772000000000000000e+03 -3.816000000000000000e+03 -3.756000000000000000e+03 -3.556000000000000000e+03 -3.724000000000000000e+03 -3.832000000000000000e+03 -3.676000000000000000e+03 -3.532000000000000000e+03 -3.612000000000000000e+03 -3.764000000000000000e+03 -3.832000000000000000e+03 -3.728000000000000000e+03 -3.596000000000000000e+03 -3.688000000000000000e+03 -3.744000000000000000e+03 -3.696000000000000000e+03 -3.592000000000000000e+03 -3.584000000000000000e+03 -3.652000000000000000e+03 -3.824000000000000000e+03
-3.416000000000000000e+03 -3.456000000000000000e+03 -3.272000000000000000e+03 -3.192000000000000000e+03 -3.120000000000000000e+03 -3.180000000000000000e+03 -3.480000000000000000e+03 -3.156000000000000000e+03 -3.296000000000000000e+03 -3.104000000000000000e+03 -2.988000000000000000e+03 -3.308000000000000000e+03 -3.200000000000000000e+03 -3.056000000000000000e+03 -2.736000000000000000e+03 -3.088000000000000000e+03 -2.992000000000000000e+03 -3.052000000000000000e+03 -3.016000000000000000e+03 -2.928000000000000000e+03
-2.904000000000000000e+03 -2.892000000000000000e+03 -2.740000000000000000e+03 -2.716000000000000000e+03 -2.808000000000000000e+03 -2.868000000000000000e+03 -2.824000000000000000e+03 -2.876000000000000000e+03 -2.992000000000000000e+03 -2.804000000000000000e+03 -2.612000000000000000e+03 -2.800000000000000000e+03 -2.816000000000000000e+03 -2.784000000000000000e+03 -2.644000000000000000e+03 -2.508000000000000000e+03 -2.692000000000000000e+03 -2.872000000000000000e+03 -2.652000000000000000e+03 -2.968000000000000000e+03
-2.572000000000000000e+03 -2.612000000000000000e+03 -2.728000000000000000e+03 -2.732000000000000000e+03 -2.544000000000000000e+03 -2.688000000000000000e+03 -2.628000000000000000e+03 -2.648000000000000000e+03 -2.536000000000000000e+03 -2.564000000000000000e+03 -2.516000000000000000e+03 -2.432000000000000000e+03 -2.708000000000000000e+03 -2.408000000000000000e+03 -2.532000000000000000e+03 -2.460000000000000000e+03 -2.592000000000000000e+03 -2.608000000000000000e+03 -2.648000000000000000e+03 -2.500000000000000000e+03
-2.264000000000000000e+03 -2.528000000000000000e+03 -2.652000000000000000e+03 -2.460000000000000000e+03 -2.416000000000000000e+03 -2.468000000000000000e+03 -2.580000000000000000e+03 -2.420000000000000000e+03 -2.576000000000000000e+03 -2.340000000000000000e+03 -2.488000000000000000e+03 -2.448000000000000000e+03 -2.452000000000000000e+03 -2.456000000000000000e+03 -2.396000000000000000e+03 -2.340000000000000000e+03 -2.196000000000000000e+03 -2.304000000000000000e+03 -2.432000000000000000e+03 -2.508000000000000000e+03
-2.344000000000000000e+03 -2.268000000000000000e+03 -2.136000000000000000e+03 -2.320000000000000000e+03 -2.268000000000000000e+03 -2.040000000000000000e+03 -2.336000000000000000e+03 -2.472000000000000000e+03 -2.324000000000000000e+03 -2.128000000000000000e+03 -2.256000000000000000e+03 -2.340000000000000000e+03 -2.224000000000000000e+03 -2.248000000000000000e+03 -2.280000000000000000e+03 -2.348000000000000000e+03 -2.336000000000000000e+03 -2.308000000000000000e+03 -2.332000000000000000e+03 -2.116000000000000000e+03
-2.072000000000000000e+03 -2.408000000000000000e+03 -2.204000000000000000e+03 -2.192000000000000000e+03 -2.172000000000000000e+03 -2.192000000000000000e+03 -2.232000000000000000e+03 -2.176000000000000000e+03 -2.092000000000000000e+03 -2.244000000000000000e+03 -2.248000000000000000e+03 -2.304000000000000000e+03 -2.152000000000000000e+03 -2.244000000000000000e+03 -2.292000000000000000e+03 -2.204000000000000000e+03 -2.192000000000000000e+03 -2.168000000000000000e+03 -2.344000000000000000e+03 -2.184000000000000000e+03
-2.040000000000000000e+03 -2.052000000000000000e+03 -2.020000000000000000e+03 -1.996000000000000000e+03 -1.892000000000000000e+03 -2.040000000000000000e+03 -1.936000000000000000e+03 -2.088000000000000000e+03 -2.152000000000000000e+03 -2.004000000000000000e+03 -1.904000000000000000e+03 -2.184000000000000000e+03 -1.904000000000000000e+03 -2.068000000000000000e+03 -1.960000000000000000e+03 -2.052000000000000000e+03 -2.128000000000000000e+03 -2.116000000000000000e+03 -2.116000000000000000e+03 -2.112000000000000000e+03
