0.000000000000000000e+00
5.815292410336625473e-03
0.000000000000000000e+00
4.468416264057158138e-02
6.563564319935190350e-02
1.969166526747853918e-01
3.095252150595395046e-01
6.029051385862481682e-01
8.284533826094502285e-01
1.198223488419406291e+00
1.711831039838415780e+00
2.255954260967232727e+00
2.744901257421429541e+00
4.004368482795844564e+00
5.407773535669795351e+00
5.781916864989520732e+00
6.817969772347574953e+00
8.091201567029859376e+00
9.805320415223981456e+00
1.001240316047160661e+01
