1.170000000000000000e+03 1.250000000000000000e+03 1.278000000000000000e+03 1.446000000000000000e+03 1.530000000000000000e+03 1.562000000000000000e+03 1.632000000000000000e+03 1.772000000000000000e+03 1.902000000000000000e+03 1.900000000000000000e+03 1.980000000000000000e+03 2.082000000000000000e+03 2.114000000000000000e+03 2.160000000000000000e+03 2.268000000000000000e+03 2.298000000000000000e+03 2.384000000000000000e+03 2.472000000000000000e+03 2.498000000000000000e+03 2.500000000000000000e+03
2.496000000000000000e+03 2.496000000000000000e+03 2.496000000000000000e+03 2.492000000000000000e+03 2.500000000000000000e+03 2.496000000000000000e+03 2.490000000000000000e+03 2.496000000000000000e+03 2.496000000000000000e+03 2.498000000000000000e+03 2.494000000000000000e+03 2.496000000000000000e+03 2.496000000000000000e+03 2.490000000000000000e+03 2.496000000000000000e+03 2.500000000000000000e+03 2.500000000000000000e+03 2.496000000000000000e+03 2.498000000000000000e+03 2.496000000000000000e+03
2.494000000000000000e+03 2.496000000000000000e+03 2.492000000000000000e+03 2.492000000000000000e+03 2.498000000000000000e+03 2.490000000000000000e+03 2.492000000000000000e+03 2.492000000000000000e+03 2.492000000000000000e+03 2.496000000000000000e+03 2.488000000000000000e+03 2.494000000000000000e+03 2.490000000000000000e+03 2.494000000000000000e+03 2.496000000000000000e+03 2.492000000000000000e+03 2.494000000000000000e+03 2.494000000000000000e+03 2.494000000000000000e+03 2.492000000000000000e+03
2.488000000000000000e+03 2.480000000000000000e+03 2.486000000000000000e+03 2.494000000000000000e+03 2.486000000000000000e+03 2.478000000000000000e+03 2.482000000000000000e+03 2.486000000000000000e+03 2.482000000000000000e+03 2.484000000000000000e+03 2.492000000000000000e+03 2.494000000000000000e+03 2.490000000000000000e+03 2.486000000000000000e+03 2.472000000000000000e+03 2.478000000000000000e+03 2.498000000000000000e+03 2.486000000000000000e+03 2.490000000000000000e+03 2.486000000000000000e+03
2.482000000000000000e+03 2.460000000000000000e+03 2.490000000000000000e+03 2.482000000000000000e+03 2.484000000000000000e+03 2.458000000000000000e+03 2.484000000000000000e+03 2.492000000000000000e+03 2.478000000000000000e+03 2.474000000000000000e+03 2.476000000000000000e+03 2.478000000000000000e+03 2.482000000000000000e+03 2.466000000000000000e+03 2.476000000000000000e+03 2.474000000000000000e+03 2.474000000000000000e+03 2.482000000000000000e+03 2.466000000000000000e+03 2.488000000000000000e+03
2.448000000000000000e+03 2.460000000000000000e+03 2.466000000000000000e+03 2.468000000000000000e+03 2.468000000000000000e+03 2.472000000000000000e+03 2.454000000000000000e+03 2.474000000000000000e+03 2.458000000000000000e+03 2.456000000000000000e+03 2.464000000000000000e+03 2.452000000000000000e+03 2.472000000000000000e+03 2.468000000000000000e+03 2.456000000000000000e+03 2.472000000000000000e+03 2.476000000000000000e+03 2.466000000000000000e+03 2.460000000000000000e+03 2.476000000000000000e+03
2.440000000000000000e+03 2.442000000000000000e+03 2.444000000000000000e+03 2.442000000000000000e+03 2.412000000000000000e+03 2.430000000000000000e+03 2.458000000000000000e+03 2.458000000000000000e+03 2.456000000000000000e+03 2.446000000000000000e+03 2.424000000000000000e+03 2.456000000000000000e+03 2.458000000000000000e+03 2.450000000000000000e+03 2.474000000000000000e+03 2.468000000000000000e+03 2.430000000000000000e+03 2.442000000000000000e+03 2.430000000000000000e+03 2.440000000000000000e+03
2.394000000000000000e+03 2.432000000000000000e+03 2.422000000000000000e+03 2.428000000000000000e+03 2.408000000000000000e+03 2.426000000000000000e+03 2.352000000000000000e+03 2.402000000000000000e+03 2.436000000000000000e+03 2.392000000000000000e+03 2.390000000000000000e+03 2.422000000000000000e+03 2.406000000000000000e+03 2.404000000000000000e+03 2.382000000000000000e+03 2.424000000000000000e+03 2.436000000000000000e+03 2.412000000000000000e+03 2.398000000000000000e+03 2.396000000000000000e+03
2.386000000000000000e+03 2.350000000000000000e+03 2.390000000000000000e+03 2.408000000000000000e+03 2.382000000000000000e+03 2.410000000000000000e+03 2.386000000000000000e+03 2.398000000000000000e+03 2.344000000000000000e+03 2.344000000000000000e+03 2.370000000000000000e+03 2.364000000000000000e+03 2.360000000000000000e+03 2.364000000000000000e+03 2.420000000000000000e+03 2.382000000000000000e+03 2.380000000000000000e+03 2.386000000000000000e+03 2.374000000000000000e+03 2.308000000000000000e+03
2.296000000000000000e+03 2.344000000000000000e+03 2.310000000000000000e+03 2.364000000000000000e+03 2.332000000000000000e+03 2.340000000000000000e+03 2.350000000000000000e+03 2.284000000000000000e+03 2.354000000000000000e+03 2.284000000000000000e+03 2.274000000000000000e+03 2.318000000000000000e+03 2.400000000000000000e+03 2.326000000000000000e+03 2.322000000000000000e+03 2.358000000000000000e+03 2.208000000000000000e+03 2.260000000000000000e+03 2.296000000000000000e+03 2.314000000000000000e+03
2.252000000000000000e+03 2.166000000000000000e+03 2.234000000000000000e+03 2.216000000000000000e+03 2.238000000000000000e+03 2.312000000000000000e+03 2.282000000000000000e+03 2.204000000000000000e+03 2.210000000000000000e+03 2.210000000000000000e+03 2.180000000000000000e+03 2.290000000000000000e+03 2.310000000000000000e+03 2.308000000000000000e+03 2.254000000000000000e+03 2.218000000000000000e+03 2.266000000000000000e+03 2.164000000000000000e+03 2.282000000000000000e+03 2.218000000000000000e+03
1.852000000000000000e+03 1.992000000000000000e+03 2.044000000000000000e+03 2.136000000000000000e+03 1.994000000000000000e+03 2.016000000000000000e+03 2.128000000000000000e+03 2.072000000000000000e+03 2.062000000000000000e+03 1.948000000000000000e+03 1.974000000000000000e+03 2.108000000000000000e+03 2.202000000000000000e+03 2.194000000000000000e+03 2.212000000000000000e+03 2.104000000000000000e+03 2.052000000000000000e+03 2.078000000000000000e+03 1.966000000000000000e+03 1.958000000000000000e+03
1.992000000000000000e+03 1.946000000000000000e+03 1.894000000000000000e+03 1.724000000000000000e+03 1.926000000000000000e+03 1.996000000000000000e+03 1.908000000000000000e+03 1.798000000000000000e+03 1.896000000000000000e+03 1.994000000000000000e+03 1.860000000000000000e+03 1.920000000000000000e+03 1.852000000000000000e+03 1.924000000000000000e+03 1.992000000000000000e+03 1.922000000000000000e+03 1.866000000000000000e+03 1.878000000000000000e+03 1.810000000000000000e+03 1.972000000000000000e+03
1.532000000000000000e+03 1.586000000000000000e+03 1.432000000000000000e+03 1.158000000000000000e+03 1.078000000000000000e+03 1.316000000000000000e+03 1.472000000000000000e+03 1.102000000000000000e+03 1.150000000000000000e+03 1.034000000000000000e+03 1.044000000000000000e+03 1.240000000000000000e+03 1.214000000000000000e+03 1.034000000000000000e+03 7.160000000000000000e+02 7.720000000000000000e+02 1.042000000000000000e+03 8.120000000000000000e+02 6.520000000000000000e+02 5.680000000000000000e+02
2.580000000000000000e+02 2.280000000000000000e+02 4.000000000000000000e+00 1.180000000000000000e+02 7.800000000000000000e+01 1.820000000000000000e+02 2.140000000000000000e+02 3.120000000000000000e+02 4.060000000000000000e+02 2.120000000000000000e+02 1.040000000000000000e+02 9.400000000000000000e+01 1.720000000000000000e+02 1.800000000000000000e+02 2.020000000000000000e+02 1.540000000000000000e+02 1.180000000000000000e+02 2.720000000000000000e+02 1.200000000000000000e+01 8.200000000000000000e+01
2.680000000000000000e+02 5.200000000000000000e+02 5.020000000000000000e+02 7.420000000000000000e+02 7.480000000000000000e+02 5.240000000000000000e+02 7.060000000000000000e+02 6.280000000000000000e+02 4.820000000000000000e+02 2.560000000000000000e+02 4.520000000000000000e+02 3.880000000000000000e+02 2.480000000000000000e+02 7.400000000000000000e+01 2.180000000000000000e+02 4.600000000000000000e+01 5.800000000000000000e+01 2.620000000000000000e+02 1.640000000000000000e+02 6.400000000000000000e+01
9.000000000000000000e+01 3.800000000000000000e+01 9.800000000000000000e+01 2.020000000000000000e+02 2.520000000000000000e+02 5.200000000000000000e+01 1.740000000000000000e+02 2.120000000000000000e+02 2.660000000000000000e+02 4.800000000000000000e+01 5.000000000000000000e+01 1.540000000000000000e+02 3.860000000000000000e+02 3.220000000000000000e+02 3.080000000000000000e+02 3.020000000000000000e+02 4.360000000000000000e+02 1.140000000000000000e+02 1.800000000000000000e+01 2.800000000000000000e+01
2.000000000000000000e+00 1.400000000000000000e+01 3.800000000000000000e+01 2.200000000000000000e+01 6.400000000000000000e+01 1.100000000000000000e+02 2.680000000000000000e+02 3.200000000000000000e+02 3.800000000000000000e+02 2.200000000000000000e+01 1.400000000000000000e+02 1.160000000000000000e+02 3.400000000000000000e+01 1.040000000000000000e+02 2.880000000000000000e+02 2.240000000000000000e+02 2.240000000000000000e+02 2.600000000000000000e+01 1.200000000000000000e+01 7.600000000000000000e+01
9.600000000000000000e+01 4.000000000000000000e+00 2.560000000000000000e+02 2.580000000000000000e+02 1.840000000000000000e+02 4.620000000000000000e+02 3.020000000000000000e+02 2.960000000000000000e+02 2.920000000000000000e+02 1.880000000000000000e+02 8.200000000000000000e+01 1.280000000000000000e+02 3.260000000000000000e+02 5.600000000000000000e+02 3.080000000000000000e+02 3.000000000000000000e+02 1.400000000000000000e+01 6.400000000000000000e+01 2.780000000000000000e+02 8.600000000000000000e+01
1.000000000000000000e+02 3.200000000000000000e+01 2.900000000000000000e+02 4.000000000000000000e+01 5.600000000000000000e+01 6.000000000000000000e+00 1.140000000000000000e+02 3.060000000000000000e+02 3.400000000000000000e+01 1.460000000000000000e+02 1.140000000000000000e+02 2.660000000000000000e+02 8.400000000000000000e+01 6.800000000000000000e+01 2.600000000000000000e+01 7.600000000000000000e+01 1.800000000000000000e+01 1.200000000000000000e+01 1.340000000000000000e+02 1.520000000000000000e+02
