1.686400000378489566e-03
3.061285790570435466e-03
5.711372243596807806e-03
1.229142041586339315e-02
1.583690927403944709e-02
3.149884049618809773e-02
5.238772769035592025e-02
8.079225968490494347e-02
1.437641188570218387e-01
2.736670311785932563e-01
5.407627579075882096e-01
1.651840057600171274e+00
1.763883865674419837e+01
3.046039908750222480e+01
1.159070314553191139e+01
5.732458424946937470e+00
3.182536897254901298e+00
2.356807908105660321e+00
1.802178351592727878e+00
1.618811520000000170e+00
