0.000000000000000000e+00 0.000000000000000000e+00 0.000000000000000000e+00 0.000000000000000000e+00 0.000000000000000000e+00 0.000000000000000000e+00 0.000000000000000000e+00 0.000000000000000000e+00 0.000000000000000000e+00 0.000000000000000000e+00 0.000000000000000000e+00 0.000000000000000000e+00 0.000000000000000000e+00 0.000000000000000000e+00 0.000000000000000000e+00 0.000000000000000000e+00 0.000000000000000000e+00 0.000000000000000000e+00 0.000000000000000000e+00 0.000000000000000000e+00
0.000000000000000000e+00 0.000000000000000000e+00 0.000000000000000000e+00 0.000000000000000000e+00 0.000000000000000000e+00 0.000000000000000000e+00 0.000000000000000000e+00 0.000000000000000000e+00 0.000000000000000000e+00 0.000000000000000000e+00 0.000000000000000000e+00 0.000000000000000000e+00 0.000000000000000000e+00 0.000000000000000000e+00 0.000000000000000000e+00 0.000000000000000000e+00 0.000000000000000000e+00 0.000000000000000000e+00 0.000000000000000000e+00 0.000000000000000000e+00
0.000000000000000000e+00 0.000000000000000000e+00 0.000000000000000000e+00 0.000000000000000000e+00 0.000000000000000000e+00 0.000000000000000000e+00 0.000000000000000000e+00 0.000000000000000000e+00 3.999999999999999819e-06 0.000000000000000000e+00 0.000000000000000000e+00 0.000000000000000000e+00 0.000000000000000000e+00 0.000000000000000000e+00 8.399999999999999535e-05 3.999999999999999819e-06 2.400000000000000061e-05 0.000000000000000000e+00 5.599999999999999916e-05 4.000000000000000327e-05
0.000000000000000000e+00 0.000000000000000000e+00 0.000000000000000000e+00 0.000000000000000000e+00 1.599999999999999928e-05 0.000000000000000000e+00 6.360000000000000635e-04 1.092000000000000089e-03 1.315999999999999896e-03 2.315999999999999916e-03 1.443999999999999971e-03 3.367999999999999900e-03 1.018799999999999914e-02 5.300000000000000024e-03 2.847599999999999784e-02 1.628799999999999693e-02 3.427999999999999797e-02 1.902399999999999577e-02 1.035599999999999889e-02 2.569600000000000356e-02
0.000000000000000000e+00 0.000000000000000000e+00 0.000000000000000000e+00 0.000000000000000000e+00 0.000000000000000000e+00 5.683999999999999816e-03 2.490799999999999959e-02 7.678000000000001490e-02 1.219879999999999853e-01 1.574320000000000164e-01 1.708200000000000551e-01 1.906040000000000234e-01 2.040600000000000191e-01 2.086040000000000671e-01 2.147359999999999824e-01 2.245560000000000334e-01 2.287719999999999754e-01 2.369040000000000867e-01 2.331479999999999941e-01 2.456639999999999935e-01
0.000000000000000000e+00 0.000000000000000000e+00 0.000000000000000000e+00 4.480000000000000475e-04 7.300000000000000065e-03 8.323200000000000043e-02 1.325840000000000074e-01 1.741320000000000090e-01 2.095240000000000158e-01 2.444960000000000466e-01 2.646479999999999944e-01 2.723760000000000070e-01 2.855199999999999960e-01 2.979560000000000541e-01 3.012759999999999883e-01 3.097399999999999598e-01 3.191599999999999993e-01 3.214759999999999840e-01 3.280919999999998837e-01 3.367359999999999798e-01
0.000000000000000000e+00 0.000000000000000000e+00 4.799999999999999444e-05 2.758799999999999447e-02 8.328399999999999692e-02 1.365199999999999747e-01 1.845159999999999578e-01 2.213960000000000095e-01 2.602919999999999678e-01 2.916239999999999943e-01 3.156399999999999761e-01 3.288800000000000057e-01 3.363079999999999958e-01 3.498799999999999688e-01 3.525159999999999405e-01 3.639799999999999147e-01 3.693079999999999141e-01 3.729999999999999982e-01 3.812760000000000038e-01 3.872359999999999691e-01
0.000000000000000000e+00 0.000000000000000000e+00 2.464000000000000044e-03 6.080000000000000682e-02 1.146439999999999959e-01 1.680080000000000184e-01 2.139960000000000195e-01 2.519039999999999613e-01 2.921199999999999353e-01 3.256439999999999890e-01 3.473760000000000181e-01 3.609640000000000071e-01 3.762239999999998918e-01 3.841440000000000965e-01 3.919599999999999751e-01 4.028120000000000034e-01 4.096040000000000236e-01 4.148760000000000225e-01 4.215760000000000063e-01 4.240319999999999090e-01
0.000000000000000000e+00 0.000000000000000000e+00 3.092000000000000130e-03 7.467600000000000626e-02 1.319400000000000017e-01 1.836480000000000334e-01 2.331520000000000536e-01 2.775920000000000054e-01 3.131519999999999859e-01 3.477919999999999345e-01 3.741200000000000081e-01 3.893560000000000354e-01 3.995080000000000298e-01 4.114519999999999289e-01 4.231199999999999961e-01 4.322320000000000051e-01 4.350080000000000058e-01 4.447599999999999887e-01 4.532120000000000593e-01 4.554920000000000635e-01
0.000000000000000000e+00 0.000000000000000000e+00 2.092000000000000109e-03 9.315199999999998481e-02 1.447960000000000080e-01 2.011319999999999497e-01 2.479799999999999782e-01 2.916800000000000503e-01 3.336200000000000276e-01 3.645800000000000707e-01 3.930439999999999490e-01 4.091839999999999922e-01 4.232199999999998741e-01 4.343760000000000399e-01 4.443999999999999617e-01 4.520640000000000214e-01 4.623839999999999617e-01 4.687760000000000815e-01 4.761120000000000352e-01 4.790800000000000614e-01
0.000000000000000000e+00 0.000000000000000000e+00 0.000000000000000000e+00 1.019999999999999934e-01 1.552679999999999894e-01 2.127039999999999764e-01 2.596559999999999979e-01 3.048639999999999683e-01 3.476640000000000286e-01 3.829599999999999116e-01 4.072360000000000424e-01 4.268079999999999652e-01 4.388360000000000039e-01 4.521480000000000499e-01 4.638120000000000576e-01 4.732000000000000650e-01 4.794240000000000168e-01 4.885999999999999788e-01 4.971160000000000578e-01 4.996920000000000250e-01
0.000000000000000000e+00 0.000000000000000000e+00 5.538000000000000561e-02 1.085400000000000115e-01 1.645560000000000078e-01 2.224240000000000106e-01 2.687800000000000189e-01 3.149880000000000457e-01 3.569960000000000355e-01 3.958000000000000407e-01 4.219960000000000377e-01 4.384039999999999604e-01 4.527160000000000628e-01 4.655440000000000689e-01 4.754320000000000768e-01 4.875760000000000094e-01 4.965079999999999494e-01 5.039319999999999355e-01 5.136760000000001325e-01 5.190120000000000289e-01
0.000000000000000000e+00 0.000000000000000000e+00 5.766799999999999010e-02 1.162200000000000039e-01 1.705760000000000054e-01 2.280480000000000007e-01 2.769360000000000155e-01 3.235319999999999863e-01 3.650599999999999401e-01 4.029280000000000084e-01 4.328520000000000145e-01 4.500439999999999441e-01 4.654160000000000519e-01 4.781919999999999504e-01 4.927120000000000943e-01 5.031719999999999526e-01 5.095639999999999059e-01 5.166399999999999881e-01 5.243640000000000523e-01 5.341040000000000232e-01
0.000000000000000000e+00 0.000000000000000000e+00 6.400000000000000133e-02 1.163199999999999928e-01 1.757879999999999721e-01 2.329080000000000039e-01 2.853680000000000105e-01 3.330799999999999872e-01 3.719399999999999373e-01 4.113600000000001145e-01 4.392159999999999953e-01 4.603240000000000109e-01 4.741200000000000414e-01 4.867200000000000970e-01 5.015519999999998868e-01 5.116239999999999677e-01 5.210239999999999316e-01 5.274160000000001070e-01 5.405160000000001075e-01 5.447359999999999980e-01
0.000000000000000000e+00 0.000000000000000000e+00 6.801200000000000301e-02 1.209719999999999684e-01 1.786360000000000170e-01 2.388839999999999852e-01 2.894120000000000026e-01 3.379480000000000817e-01 3.788680000000000936e-01 4.192880000000000495e-01 4.494319999999999982e-01 4.697959999999999914e-01 4.824839999999999129e-01 4.965599999999998904e-01 5.127559999999999896e-01 5.237199999999999633e-01 5.327119999999999633e-01 5.409319999999999684e-01 5.489360000000000905e-01 5.560720000000000107e-01
0.000000000000000000e+00 0.000000000000000000e+00 6.601599999999999135e-02 1.255239999999999967e-01 1.828200000000000103e-01 2.426040000000000141e-01 2.933120000000000172e-01 3.411799999999999278e-01 3.883319999999999550e-01 4.244360000000000355e-01 4.552680000000000060e-01 4.733160000000000700e-01 4.906760000000000566e-01 5.050080000000000124e-01 5.182160000000000100e-01 5.312840000000000895e-01 5.421719999999999873e-01 5.498400000000001064e-01 5.566880000000000717e-01 5.649880000000000457e-01
0.000000000000000000e+00 0.000000000000000000e+00 6.908799999999999664e-02 1.291200000000000125e-01 1.877120000000000455e-01 2.438120000000000009e-01 2.982559999999999656e-01 3.473879999999999746e-01 3.881200000000001316e-01 4.302760000000000473e-01 4.606559999999999544e-01 4.794320000000000248e-01 4.980519999999999947e-01 5.136239999999999695e-01 5.272439999999999349e-01 5.380279999999999507e-01 5.500079999999999414e-01 5.563160000000000327e-01 5.680359999999999854e-01 5.737480000000000357e-01
0.000000000000000000e+00 0.000000000000000000e+00 7.374400000000000399e-02 1.293239999999999945e-01 1.871600000000000208e-01 2.468319999999999959e-01 2.995079999999999409e-01 3.501559999999999118e-01 3.938040000000000984e-01 4.328359999999999985e-01 4.659000000000000363e-01 4.859439999999999316e-01 5.048240000000000505e-01 5.197680000000000078e-01 5.328279999999999683e-01 5.466880000000000628e-01 5.562600000000000877e-01 5.688560000000000283e-01 5.734320000000000528e-01 5.799839999999999440e-01
0.000000000000000000e+00 0.000000000000000000e+00 7.113999999999999491e-02 1.292800000000000060e-01 1.899119999999999975e-01 2.499120000000000230e-01 3.024879999999999791e-01 3.523120000000000140e-01 3.977399999999999824e-01 4.377759999999999430e-01 4.697439999999999394e-01 4.926480000000000858e-01 5.096959999999999269e-01 5.254120000000001012e-01 5.405000000000000915e-01 5.531440000000000801e-01 5.621359999999999690e-01 5.746000000000001107e-01 5.843079999999999385e-01 5.910560000000000258e-01
0.000000000000000000e+00 0.000000000000000000e+00 7.547600000000000142e-02 1.326600000000000001e-01 1.924999999999999767e-01 2.517720000000000513e-01 3.031480000000000286e-01 3.531360000000000610e-01 4.003759999999999541e-01 4.414959999999999996e-01 4.736319999999999975e-01 4.940200000000000147e-01 5.138600000000000945e-01 5.324800000000000644e-01 5.458680000000001309e-01 5.574799999999999756e-01 5.689640000000000253e-01 5.789719999999999311e-01 5.870279999999999943e-01 5.984560000000000990e-01
