0.000000000000000000e+00 0.000000000000000000e+00 0.000000000000000000e+00 0.000000000000000000e+00 0.000000000000000000e+00 0.000000000000000000e+00 0.000000000000000000e+00 0.000000000000000000e+00 0.000000000000000000e+00 0.000000000000000000e+00 0.000000000000000000e+00 0.000000000000000000e+00 0.000000000000000000e+00 0.000000000000000000e+00 0.000000000000000000e+00 0.000000000000000000e+00 0.000000000000000000e+00 0.000000000000000000e+00 0.000000000000000000e+00 0.000000000000000000e+00
0.000000000000000000e+00 0.000000000000000000e+00 0.000000000000000000e+00 0.000000000000000000e+00 0.000000000000000000e+00 0.000000000000000000e+00 0.000000000000000000e+00 0.000000000000000000e+00 0.000000000000000000e+00 0.000000000000000000e+00 0.000000000000000000e+00 0.000000000000000000e+00 4.000000000000000327e-05 0.000000000000000000e+00 0.000000000000000000e+00 0.000000000000000000e+00 0.000000000000000000e+00 0.000000000000000000e+00 0.000000000000000000e+00 0.000000000000000000e+00
0.000000000000000000e+00 0.000000000000000000e+00 0.000000000000000000e+00 2.000000000000000096e-04 4.000000000000000327e-05 8.000000000000000654e-05 2.400000000000000332e-04 4.800000000000000664e-04 8.399999999999999264e-04 1.000000000000000021e-03 1.160000000000000007e-03 1.840000000000000056e-03 2.159999999999999594e-03 1.799999999999999951e-03 3.799999999999999992e-03 2.039999999999999713e-03 3.000000000000000062e-03 1.640000000000000182e-03 1.240000000000000000e-03 3.719999999999999783e-03
0.000000000000000000e+00 0.000000000000000000e+00 0.000000000000000000e+00 8.000000000000000654e-05 4.400000000000000157e-04 4.559999999999999817e-03 1.028000000000000094e-02 1.547999999999999897e-02 2.012000000000000247e-02 3.923999999999999710e-02 3.944000000000000283e-02 4.415999999999999787e-02 5.811999999999999111e-02 5.860000000000000625e-02 6.140000000000001013e-02 6.631999999999999007e-02 6.740000000000000158e-02 7.652000000000000468e-02 7.759999999999998843e-02 8.480000000000001426e-02
0.000000000000000000e+00 0.000000000000000000e+00 2.399999999999999790e-04 2.599999999999999881e-03 9.639999999999999264e-03 2.216000000000000261e-02 4.979999999999999705e-02 8.164000000000000423e-02 1.135999999999999927e-01 1.552800000000000014e-01 1.724800000000000222e-01 1.799599999999999811e-01 1.876399999999999735e-01 1.896799999999999875e-01 2.051200000000000245e-01 2.169200000000000017e-01 2.176800000000000124e-01 2.272799999999999820e-01 2.298399999999999888e-01 2.341600000000000070e-01
0.000000000000000000e+00 0.000000000000000000e+00 4.000000000000000192e-04 6.640000000000000069e-03 2.664000000000000395e-02 7.676000000000000878e-02 1.153200000000000058e-01 1.641199999999999881e-01 2.021599999999999786e-01 2.259599999999999942e-01 2.583600000000000341e-01 2.612400000000000277e-01 2.816000000000000170e-01 2.846799999999999886e-01 2.958799999999999764e-01 3.017599999999999727e-01 3.063600000000000212e-01 3.217599999999999905e-01 3.197200000000000042e-01 3.229600000000000248e-01
0.000000000000000000e+00 0.000000000000000000e+00 3.599999999999999685e-04 1.604000000000000217e-02 6.351999999999999313e-02 1.232399999999999884e-01 1.690400000000000236e-01 2.101999999999999980e-01 2.483200000000000129e-01 2.839599999999999902e-01 3.104000000000000092e-01 3.185600000000000098e-01 3.335200000000000387e-01 3.445200000000000484e-01 3.537600000000000189e-01 3.626400000000000179e-01 3.609999999999999876e-01 3.737200000000000522e-01 3.816000000000000503e-01 3.844800000000000439e-01
0.000000000000000000e+00 0.000000000000000000e+00 3.199999999999999720e-04 3.280000000000000276e-02 9.635999999999998733e-02 1.521599999999999897e-01 2.089599999999999791e-01 2.459199999999999997e-01 2.834799999999999542e-01 3.174000000000000155e-01 3.389600000000000390e-01 3.572799999999999865e-01 3.684799999999999742e-01 3.766800000000000148e-01 3.889200000000000434e-01 3.889599999999999724e-01 3.980799999999999894e-01 4.014400000000000190e-01 4.155200000000000560e-01 4.193599999999998995e-01
0.000000000000000000e+00 0.000000000000000000e+00 5.360000000000001048e-03 5.247999999999999193e-02 1.113600000000000145e-01 1.698399999999999910e-01 2.258799999999999975e-01 2.683200000000000029e-01 3.082400000000000140e-01 3.382800000000000251e-01 3.664800000000000280e-01 3.819599999999999662e-01 3.961199999999999721e-01 4.060399999999999565e-01 4.209999999999999853e-01 4.242400000000000060e-01 4.270800000000000152e-01 4.406400000000000317e-01 4.457200000000000051e-01 4.566000000000000059e-01
0.000000000000000000e+00 0.000000000000000000e+00 8.640000000000000110e-03 6.711999999999998523e-02 1.298799999999999955e-01 1.886400000000000021e-01 2.373199999999999754e-01 2.819999999999999729e-01 3.245200000000000307e-01 3.604399999999999826e-01 3.887599999999999945e-01 4.008800000000000141e-01 4.202400000000000024e-01 4.256000000000000338e-01 4.345999999999999863e-01 4.528400000000000203e-01 4.539599999999999191e-01 4.666799999999999282e-01 4.780400000000000205e-01 4.783199999999999119e-01
0.000000000000000000e+00 0.000000000000000000e+00 1.231999999999999762e-02 8.027999999999999026e-02 1.374399999999999789e-01 1.900799999999999712e-01 2.520399999999999863e-01 3.011199999999999988e-01 3.383599999999999941e-01 3.713599999999999679e-01 4.093199999999999616e-01 4.214400000000000368e-01 4.256800000000000028e-01 4.530399999999999427e-01 4.574799999999999978e-01 4.733999999999999875e-01 4.743200000000000749e-01 4.866799999999999460e-01 4.915599999999999414e-01 5.016399999999999748e-01
0.000000000000000000e+00 0.000000000000000000e+00 1.087999999999999731e-02 8.060000000000000497e-02 1.443599999999999883e-01 2.012799999999999867e-01 2.624000000000000221e-01 3.038399999999999990e-01 3.455599999999999783e-01 3.850799999999999779e-01 4.204799999999999649e-01 4.317200000000000482e-01 4.498000000000000331e-01 4.586800000000000321e-01 4.735599999999999810e-01 4.820000000000000395e-01 4.901199999999999446e-01 4.962399999999999589e-01 5.088799999999998880e-01 5.136799999999999145e-01
0.000000000000000000e+00 0.000000000000000000e+00 2.128000000000000030e-02 9.591999999999999138e-02 1.610799999999999732e-01 2.094800000000000273e-01 2.691599999999999548e-01 3.136800000000000144e-01 3.588799999999999768e-01 3.897599999999999953e-01 4.261999999999999678e-01 4.459600000000000231e-01 4.587999999999999856e-01 4.780800000000000050e-01 4.872799999999999909e-01 5.026400000000000867e-01 5.057199999999999473e-01 5.098399999999999599e-01 5.267999999999999350e-01 5.292800000000000837e-01
0.000000000000000000e+00 3.200000000000000262e-04 2.991999999999999521e-02 9.748000000000001108e-02 1.618400000000000116e-01 2.106399999999999939e-01 2.675200000000000355e-01 3.197599999999999887e-01 3.651200000000000001e-01 3.992400000000000393e-01 4.355999999999999872e-01 4.551600000000000645e-01 4.686799999999999855e-01 4.804800000000000182e-01 5.018800000000001038e-01 5.061600000000000543e-01 5.187199999999999589e-01 5.263999999999999790e-01 5.312400000000000455e-01 5.377600000000000158e-01
0.000000000000000000e+00 0.000000000000000000e+00 2.792000000000000037e-02 1.013599999999999779e-01 1.678799999999999737e-01 2.265999999999999959e-01 2.728400000000000269e-01 3.342800000000000216e-01 3.701200000000000045e-01 4.176000000000000267e-01 4.520399999999999419e-01 4.644400000000000195e-01 4.768799999999999706e-01 5.007200000000000539e-01 5.119999999999998996e-01 5.183999999999999719e-01 5.292799999999999727e-01 5.420399999999999663e-01 5.439200000000000701e-01 5.520400000000000862e-01
0.000000000000000000e+00 0.000000000000000000e+00 4.688000000000000500e-02 1.101199999999999957e-01 1.693199999999999983e-01 2.284800000000000164e-01 2.790799999999999947e-01 3.339200000000000501e-01 3.719999999999999973e-01 4.203599999999999559e-01 4.528000000000000358e-01 4.671199999999998687e-01 4.935200000000000142e-01 5.071199999999999042e-01 5.210000000000000187e-01 5.304399999999999116e-01 5.352400000000000491e-01 5.429999999999999272e-01 5.618000000000000771e-01 5.675999999999999934e-01
0.000000000000000000e+00 0.000000000000000000e+00 4.036000000000000004e-02 1.029600000000000098e-01 1.634800000000000142e-01 2.329200000000000159e-01 2.885199999999999987e-01 3.378399999999999737e-01 3.808399999999999563e-01 4.185599999999999876e-01 4.574799999999999978e-01 4.783600000000000074e-01 4.902399999999998981e-01 5.101599999999998358e-01 5.182800000000000740e-01 5.331199999999999273e-01 5.459600000000000009e-01 5.595599999999999463e-01 5.650399999999999867e-01 5.673999999999999044e-01
0.000000000000000000e+00 0.000000000000000000e+00 6.723999999999999422e-02 1.179199999999999832e-01 1.836800000000000099e-01 2.369199999999999640e-01 2.929599999999999982e-01 3.380400000000000071e-01 3.871999999999999886e-01 4.272799999999999931e-01 4.680399999999999561e-01 4.838399999999999923e-01 5.017199999999999438e-01 5.170400000000000551e-01 5.347600000000000131e-01 5.410000000000000364e-01 5.529200000000000781e-01 5.680400000000001004e-01 5.778000000000000913e-01 5.786400000000000432e-01
0.000000000000000000e+00 0.000000000000000000e+00 4.168000000000000871e-02 1.115199999999999941e-01 1.658400000000000152e-01 2.405199999999999838e-01 2.930400000000000227e-01 3.454400000000000248e-01 3.892399999999999749e-01 4.296400000000000219e-01 4.609200000000000519e-01 4.885599999999999943e-01 5.091999999999999860e-01 5.265999999999999570e-01 5.340799999999999992e-01 5.504000000000000004e-01 5.590399999999999814e-01 5.720399999999999929e-01 5.871999999999999442e-01 5.855200000000000404e-01
0.000000000000000000e+00 1.240000000000000000e-03 6.067999999999999089e-02 1.121999999999999942e-01 1.739200000000000190e-01 2.442799999999999971e-01 2.907199999999999784e-01 3.429600000000000426e-01 3.857599999999999918e-01 4.300399999999999778e-01 4.619600000000000373e-01 4.970000000000000528e-01 5.157599999999999962e-01 5.250800000000001022e-01 5.379599999999999937e-01 5.593600000000000794e-01 5.682400000000000784e-01 5.750800000000000356e-01 5.884400000000000741e-01 5.898799999999999599e-01
