2.955999999999999739e-01
2.084000000000000019e-01
1.532000000000000028e-01
1.087999999999999939e-01
8.160000000000000586e-02
5.680000000000000326e-02
4.800000000000000100e-02
4.159999999999999809e-02
3.520000000000000212e-02
3.200000000000000067e-02
3.200000000000000067e-02
2.359999999999999945e-02
1.760000000000000106e-02
1.640000000000000138e-02
2.120000000000000009e-02
1.839999999999999969e-02
1.679999999999999896e-02
2.239999999999999977e-02
3.160000000000000309e-02
4.320000000000000229e-02
4.560000000000000164e-02
4.920000000000000068e-02
5.360000000000000181e-02
6.040000000000000230e-02
7.080000000000000182e-02
7.960000000000000409e-02
8.719999999999999973e-02
1.151999999999999968e-01
1.260000000000000009e-01
1.600000000000000033e-01
1.403999999999999970e-01
1.236000000000000015e-01
1.335999999999999965e-01
1.092000000000000054e-01
8.880000000000000393e-02
7.359999999999999876e-02
5.040000000000000036e-02
4.560000000000000164e-02
4.599999999999999922e-02
3.200000000000000067e-02
3.160000000000000309e-02
2.800000000000000058e-02
2.239999999999999977e-02
3.119999999999999857e-02
3.400000000000000244e-02
3.919999999999999873e-02
5.399999999999999939e-02
5.240000000000000213e-02
4.959999999999999826e-02
4.359999999999999987e-02
3.400000000000000244e-02
3.919999999999999873e-02
4.399999999999999745e-02
5.639999999999999875e-02
7.000000000000000666e-02
8.200000000000000344e-02
8.640000000000000457e-02
8.119999999999999440e-02
8.559999999999999554e-02
1.155999999999999944e-01
1.155999999999999944e-01
1.335999999999999965e-01
1.272000000000000075e-01
1.179999999999999938e-01
9.959999999999999409e-02
9.120000000000000329e-02
7.439999999999999392e-02
5.840000000000000052e-02
4.519999999999999712e-02
3.559999999999999970e-02
2.999999999999999889e-02
2.879999999999999921e-02
2.280000000000000082e-02
2.079999999999999905e-02
1.640000000000000138e-02
1.239999999999999956e-02
1.239999999999999956e-02
8.800000000000000530e-03
8.800000000000000530e-03
8.000000000000000167e-03
7.199999999999999803e-03
6.400000000000000307e-03
1.280000000000000061e-02
1.519999999999999997e-02
1.959999999999999937e-02
2.199999999999999872e-02
2.239999999999999977e-02
3.200000000000000067e-02
3.400000000000000244e-02
3.919999999999999873e-02
4.639999999999999680e-02
1.052000000000000018e-01
1.236000000000000015e-01
1.388000000000000067e-01
1.512000000000000011e-01
1.804000000000000048e-01
2.064000000000000001e-01
1.943999999999999895e-01
1.559999999999999998e-01
1.307999999999999996e-01
9.840000000000000135e-02
7.080000000000000182e-02
5.600000000000000117e-02
5.519999999999999907e-02
5.960000000000000020e-02
5.999999999999999778e-02
5.519999999999999907e-02
4.320000000000000229e-02
3.200000000000000067e-02
3.080000000000000099e-02
2.319999999999999840e-02
2.639999999999999986e-02
2.319999999999999840e-02
3.239999999999999825e-02
3.160000000000000309e-02
3.640000000000000180e-02
4.320000000000000229e-02
4.000000000000000083e-02
5.160000000000000003e-02
7.000000000000000666e-02
9.760000000000000620e-02
1.160000000000000059e-01
1.252000000000000057e-01
1.335999999999999965e-01
1.428000000000000103e-01
1.403999999999999970e-01
1.247999999999999943e-01
1.164000000000000035e-01
9.439999999999999780e-02
8.480000000000000038e-02
6.439999999999999891e-02
5.439999999999999697e-02
4.519999999999999712e-02
3.280000000000000276e-02
4.279999999999999777e-02
3.320000000000000034e-02
3.239999999999999825e-02
3.400000000000000244e-02
4.039999999999999841e-02
2.920000000000000026e-02
3.080000000000000099e-02
4.519999999999999712e-02
4.800000000000000100e-02
6.239999999999999714e-02
6.239999999999999714e-02
5.639999999999999875e-02
6.400000000000000133e-02
8.000000000000000167e-02
9.199999999999999845e-02
9.919999999999999651e-02
9.800000000000000377e-02
1.155999999999999944e-01
1.179999999999999938e-01
1.323999999999999899e-01
1.275999999999999912e-01
1.195999999999999980e-01
1.035999999999999976e-01
8.880000000000000393e-02
7.399999999999999634e-02
6.759999999999999343e-02
5.999999999999999778e-02
5.279999999999999971e-02
4.599999999999999922e-02
3.520000000000000212e-02
2.719999999999999848e-02
3.359999999999999792e-02
3.760000000000000148e-02
3.880000000000000115e-02
4.080000000000000293e-02
3.960000000000000325e-02
3.359999999999999792e-02
3.679999999999999938e-02
4.000000000000000083e-02
4.080000000000000293e-02
4.880000000000000310e-02
5.920000000000000262e-02
6.800000000000000488e-02
7.159999999999999698e-02
7.280000000000000360e-02
9.360000000000000264e-02
1.144000000000000017e-01
1.083999999999999964e-01
1.423999999999999988e-01
1.675999999999999990e-01
1.544000000000000095e-01
1.260000000000000009e-01
9.160000000000000087e-02
7.320000000000000118e-02
5.800000000000000294e-02
4.159999999999999809e-02
3.080000000000000099e-02
2.960000000000000131e-02
3.160000000000000309e-02
3.200000000000000067e-02
4.000000000000000083e-02
3.880000000000000115e-02
4.000000000000000083e-02
4.639999999999999680e-02
4.120000000000000051e-02
5.639999999999999875e-02
