0.000000000000000000e+00 0.000000000000000000e+00 0.000000000000000000e+00 0.000000000000000000e+00 0.000000000000000000e+00 0.000000000000000000e+00 0.000000000000000000e+00 0.000000000000000000e+00 0.000000000000000000e+00 0.000000000000000000e+00
0.000000000000000000e+00 0.000000000000000000e+00 0.000000000000000000e+00 0.000000000000000000e+00 0.000000000000000000e+00 0.000000000000000000e+00 0.000000000000000000e+00 0.000000000000000000e+00 0.000000000000000000e+00 0.000000000000000000e+00
0.000000000000000000e+00 0.000000000000000000e+00 0.000000000000000000e+00 6.000000000000000559e-04 3.200000000000000262e-04 3.200000000000000262e-04 6.000000000000000559e-04 4.400000000000000157e-04 3.480000000000000454e-03 2.439999999999999895e-03
0.000000000000000000e+00 7.000000000000001013e-03 8.192000000000000670e-02 1.161999999999999977e-01 1.541999999999999760e-01 1.795599999999999974e-01 1.958000000000000018e-01 2.103199999999999792e-01 2.209599999999999898e-01 2.340799999999999825e-01
0.000000000000000000e+00 7.724000000000000310e-02 1.467200000000000171e-01 1.982800000000000118e-01 2.391599999999999837e-01 2.670799999999999841e-01 2.821600000000000219e-01 3.025599999999999956e-01 3.178799999999999959e-01 3.290399999999999991e-01
0.000000000000000000e+00 9.827999999999999237e-02 1.833600000000000230e-01 2.360399999999999721e-01 2.891600000000000281e-01 3.128400000000000070e-01 3.351200000000000290e-01 3.582400000000000029e-01 3.705599999999999450e-01 3.889999999999999569e-01
0.000000000000000000e+00 9.983999999999999819e-02 2.028000000000000080e-01 2.679999999999999605e-01 3.103599999999999692e-01 3.425199999999999911e-01 3.764799999999999813e-01 3.958000000000000407e-01 4.006800000000000361e-01 4.169999999999999818e-01
0.000000000000000000e+00 1.131599999999999967e-01 2.066399999999999904e-01 2.862799999999999789e-01 3.291600000000000081e-01 3.724799999999999778e-01 3.954799999999999982e-01 4.163599999999999524e-01 4.298000000000000709e-01 4.430800000000000294e-01
0.000000000000000000e+00 1.226800000000000113e-01 2.283199999999999952e-01 2.961199999999999943e-01 3.496000000000000218e-01 3.846800000000000219e-01 4.113200000000000189e-01 4.429200000000000914e-01 4.551999999999999380e-01 4.724000000000000421e-01
0.000000000000000000e+00 1.228800000000000170e-01 2.307600000000000207e-01 3.075199999999999600e-01 3.576400000000000134e-01 4.027199999999999669e-01 4.258000000000000118e-01 4.570000000000000173e-01 4.695600000000000884e-01 4.872400000000000064e-01
