5.699999999999999512e-02 5.140000000000000124e-02 5.680000000000000326e-02 4.979999999999999705e-02 5.079999999999999793e-02 5.480000000000000149e-02 5.559999999999999665e-02 5.359999999999999487e-02 5.219999999999999640e-02 6.039999999999999536e-02
9.639999999999999958e-02 1.233999999999999958e-01 1.380000000000000115e-01 1.484000000000000041e-01 1.566000000000000170e-01 1.738000000000000100e-01 1.875999999999999890e-01 1.817999999999999894e-01 1.854000000000000092e-01 1.875999999999999890e-01
1.126000000000000056e-01 1.709999999999999853e-01 1.872000000000000053e-01 2.459999999999999964e-01 2.908000000000000029e-01 2.925999999999999712e-01 3.025999999999999801e-01 3.032000000000000250e-01 3.094000000000000083e-01 3.175999999999999934e-01
1.134000000000000008e-01 1.888000000000000234e-01 2.222000000000000086e-01 2.888000000000000012e-01 3.284000000000000252e-01 3.659999999999999920e-01 3.887999999999999790e-01 3.861999999999999877e-01 3.883999999999999675e-01 3.978000000000000425e-01
1.246000000000000024e-01 1.875999999999999890e-01 2.571999999999999842e-01 3.140000000000000013e-01 3.733999999999999542e-01 4.125999999999999668e-01 4.314000000000000057e-01 4.265999999999999792e-01 4.587999999999999856e-01 4.519999999999999574e-01
1.257999999999999952e-01 1.756000000000000061e-01 2.641999999999999904e-01 3.356000000000000094e-01 4.022000000000000020e-01 4.345999999999999863e-01 4.517999999999999794e-01 4.687999999999999945e-01 4.951999999999999735e-01 5.125999999999999446e-01
1.223999999999999949e-01 1.921999999999999820e-01 2.654000000000000248e-01 3.419999999999999707e-01 4.090000000000000302e-01 4.377999999999999670e-01 4.888000000000000123e-01 5.140000000000000124e-01 5.296000000000000707e-01 5.360000000000000320e-01
1.110000000000000014e-01 1.933999999999999886e-01 2.673999999999999710e-01 3.556000000000000272e-01 4.340000000000000524e-01 4.753999999999999893e-01 5.170000000000000151e-01 5.280000000000000249e-01 5.547999999999999599e-01 5.682000000000000384e-01
1.315999999999999948e-01 1.887999999999999956e-01 2.800000000000000266e-01 3.584000000000000519e-01 4.417999999999999705e-01 4.828000000000000069e-01 5.343999999999999861e-01 5.502000000000000224e-01 5.600000000000000533e-01 5.891999999999999460e-01
1.214000000000000079e-01 1.877999999999999947e-01 2.822000000000000064e-01 3.576000000000000290e-01 4.375999999999999890e-01 4.959999999999999964e-01 5.422000000000000153e-01 5.699999999999999512e-01 5.833999999999999186e-01 5.927999999999999936e-01
