4.839999999999999858e-01
3.523999999999999910e-01
2.515999999999999903e-01
1.852000000000000035e-01
1.408000000000000085e-01
1.087999999999999939e-01
8.319999999999999618e-02
6.400000000000000133e-02
5.120000000000000245e-02
3.919999999999999873e-02
4.000000000000000083e-02
3.599999999999999728e-02
2.599999999999999881e-02
1.839999999999999969e-02
1.239999999999999956e-02
1.080000000000000057e-02
1.000000000000000021e-02
7.199999999999999803e-03
5.199999999999999761e-03
3.200000000000000153e-03
3.200000000000000153e-03
4.000000000000000083e-03
1.359999999999999924e-02
1.880000000000000074e-02
1.559999999999999928e-02
1.159999999999999920e-02
1.039999999999999952e-02
1.959999999999999937e-02
3.640000000000000180e-02
5.120000000000000245e-02
8.599999999999999312e-02
1.252000000000000057e-01
1.580000000000000016e-01
2.064000000000000001e-01
2.511999999999999789e-01
2.223999999999999866e-01
1.648000000000000020e-01
1.292000000000000093e-01
1.079999999999999988e-01
9.400000000000000022e-02
7.000000000000000666e-02
5.639999999999999875e-02
3.919999999999999873e-02
3.359999999999999792e-02
3.559999999999999970e-02
4.159999999999999809e-02
3.320000000000000034e-02
3.080000000000000099e-02
2.160000000000000114e-02
3.559999999999999970e-02
3.559999999999999970e-02
4.279999999999999777e-02
6.800000000000000488e-02
6.320000000000000617e-02
5.199999999999999761e-02
6.320000000000000617e-02
6.479999999999999649e-02
6.439999999999999891e-02
4.760000000000000342e-02
4.920000000000000068e-02
4.560000000000000164e-02
6.880000000000000004e-02
8.000000000000000167e-02
8.000000000000000167e-02
7.320000000000000118e-02
5.840000000000000052e-02
4.760000000000000342e-02
3.960000000000000325e-02
3.320000000000000034e-02
3.080000000000000099e-02
2.920000000000000026e-02
2.719999999999999848e-02
3.440000000000000002e-02
5.800000000000000294e-02
9.080000000000000571e-02
1.252000000000000057e-01
1.615999999999999936e-01
2.220000000000000029e-01
2.127999999999999892e-01
1.683999999999999941e-01
1.255999999999999894e-01
1.083999999999999964e-01
9.719999999999999474e-02
7.920000000000000651e-02
7.040000000000000424e-02
5.920000000000000262e-02
5.600000000000000117e-02
4.920000000000000068e-02
4.440000000000000197e-02
4.560000000000000164e-02
3.320000000000000034e-02
2.840000000000000163e-02
2.160000000000000114e-02
2.359999999999999945e-02
4.519999999999999712e-02
5.600000000000000117e-02
5.079999999999999793e-02
4.880000000000000310e-02
6.199999999999999956e-02
7.960000000000000409e-02
7.599999999999999811e-02
8.319999999999999618e-02
9.959999999999999409e-02
1.107999999999999957e-01
1.024000000000000049e-01
1.300000000000000044e-01
1.419999999999999873e-01
1.100000000000000006e-01
9.080000000000000571e-02
7.960000000000000409e-02
7.439999999999999392e-02
7.560000000000000053e-02
5.960000000000000020e-02
5.360000000000000181e-02
4.639999999999999680e-02
5.680000000000000326e-02
7.240000000000000602e-02
9.560000000000000442e-02
8.680000000000000215e-02
7.040000000000000424e-02
8.319999999999999618e-02
7.000000000000000666e-02
6.279999999999999472e-02
4.920000000000000068e-02
4.680000000000000132e-02
5.559999999999999665e-02
5.720000000000000084e-02
4.560000000000000164e-02
3.559999999999999970e-02
2.879999999999999921e-02
2.719999999999999848e-02
2.440000000000000155e-02
2.000000000000000042e-02
1.559999999999999928e-02
2.040000000000000147e-02
3.200000000000000067e-02
4.359999999999999987e-02
7.000000000000000666e-02
7.799999999999999989e-02
9.039999999999999425e-02
1.000000000000000056e-01
1.295999999999999930e-01
1.328000000000000014e-01
1.272000000000000075e-01
1.371999999999999886e-01
1.360000000000000098e-01
1.255999999999999894e-01
1.208000000000000046e-01
1.111999999999999933e-01
9.760000000000000620e-02
8.959999999999999909e-02
7.320000000000000118e-02
6.719999999999999585e-02
6.199999999999999956e-02
5.600000000000000117e-02
4.399999999999999745e-02
3.440000000000000002e-02
2.239999999999999977e-02
2.040000000000000147e-02
1.760000000000000106e-02
1.400000000000000029e-02
1.200000000000000025e-02
1.280000000000000061e-02
2.079999999999999905e-02
2.280000000000000082e-02
2.040000000000000147e-02
3.160000000000000309e-02
3.479999999999999760e-02
2.599999999999999881e-02
2.160000000000000114e-02
1.839999999999999969e-02
2.359999999999999945e-02
5.480000000000000149e-02
9.120000000000000329e-02
1.731999999999999929e-01
2.836000000000000187e-01
2.867999999999999994e-01
2.328000000000000069e-01
1.668000000000000038e-01
1.252000000000000057e-01
9.600000000000000200e-02
6.880000000000000004e-02
6.239999999999999714e-02
4.959999999999999826e-02
3.919999999999999873e-02
3.080000000000000099e-02
2.520000000000000018e-02
2.199999999999999872e-02
2.120000000000000009e-02
2.160000000000000114e-02
2.719999999999999848e-02
3.080000000000000099e-02
2.680000000000000090e-02
1.760000000000000106e-02
1.400000000000000029e-02
9.199999999999999845e-03
9.599999999999999159e-03
8.000000000000000167e-03
1.200000000000000025e-02
1.000000000000000021e-02
7.199999999999999803e-03
6.799999999999999621e-03
1.119999999999999989e-02
3.039999999999999994e-02
5.160000000000000003e-02
7.439999999999999392e-02
9.199999999999999845e-02
1.451999999999999957e-01
2.280000000000000082e-01
2.316000000000000003e-01
2.220000000000000029e-01
1.955999999999999961e-01
1.580000000000000016e-01
1.343999999999999917e-01
1.147999999999999993e-01
9.520000000000000684e-02
8.079999999999999682e-02
7.000000000000000666e-02
5.240000000000000213e-02
4.039999999999999841e-02
2.999999999999999889e-02
2.199999999999999872e-02
1.559999999999999928e-02
1.679999999999999896e-02
2.000000000000000042e-02
2.999999999999999889e-02
2.639999999999999986e-02
2.040000000000000147e-02
2.639999999999999986e-02
2.800000000000000058e-02
1.679999999999999896e-02
1.239999999999999956e-02
8.000000000000000167e-03
6.799999999999999621e-03
1.359999999999999924e-02
2.120000000000000009e-02
5.759999999999999842e-02
1.168000000000000010e-01
2.000000000000000111e-01
2.551999999999999824e-01
2.235999999999999932e-01
1.988000000000000045e-01
1.552000000000000046e-01
1.068000000000000060e-01
8.279999999999999860e-02
6.880000000000000004e-02
5.319999999999999729e-02
4.440000000000000197e-02
3.200000000000000067e-02
4.120000000000000051e-02
