2.001600000113248901e-02
4.395522902318681202e-02
9.610390502926814682e-02
1.018483466235923507e-01
1.368175144030560619e-01
1.940436554570862948e-01
2.711940788336168473e-01
3.250183310927780012e-01
5.269482992322603865e-01
7.149277120232245819e-01
6.336740611700814041e-01
1.150830856299742910e+00
1.208991584986556678e+00
1.406058554153102991e+00
9.014717464915958933e-01
7.908646426655068229e-01
5.210492958708965450e-01
5.098621810465604476e-01
3.449236257851560072e-01
3.836196266666676014e-01
