1.331839999929070560e-03
3.300571428948924965e-03
7.857871304517207237e-03
1.085207039988040842e-02
1.642770962948324545e-02
2.676573241415980062e-02
4.833599999957988863e-02
8.001427393938329025e-02
1.420548571426953621e-01
3.842842637835423569e-01
2.877320246152484939e-01
1.541944647804992741e+00
5.423188628837184666e+00
2.226883572977779835e+01
8.512758771063829499e+00
5.963913877551023646e+00
2.312550352941177056e+00
2.332238155471699326e+00
1.627671272727271967e+00
1.034189013333333573e+00
