9.991999999999999771e-01 1.000000000000000000e+00 9.991999999999999771e-01 1.000000000000000000e+00 9.991999999999999771e-01 9.991999999999999771e-01 1.000000000000000000e+00 9.991999999999999771e-01 1.000000000000000000e+00 9.991999999999999771e-01 1.000000000000000000e+00 1.000000000000000000e+00 9.983999999999999542e-01 9.959999999999999964e-01 1.000000000000000000e+00 1.000000000000000000e+00 9.991999999999999771e-01 1.000000000000000000e+00 1.000000000000000000e+00 9.991999999999999771e-01
1.000000000000000000e+00 9.968000000000000194e-01 9.983999999999999542e-01 9.983999999999999542e-01 9.991999999999999771e-01 9.976000000000000423e-01 9.983999999999999542e-01 1.000000000000000000e+00 1.000000000000000000e+00 9.991999999999999771e-01 9.991999999999999771e-01 9.976000000000000423e-01 9.983999999999999542e-01 9.983999999999999542e-01 9.983999999999999542e-01 9.991999999999999771e-01 9.983999999999999542e-01 9.976000000000000423e-01 9.991999999999999771e-01 9.976000000000000423e-01
9.968000000000000194e-01 9.983999999999999542e-01 9.968000000000000194e-01 9.936000000000000387e-01 9.959999999999999964e-01 9.936000000000000387e-01 9.983999999999999542e-01 9.983999999999999542e-01 9.983999999999999542e-01 9.928000000000000158e-01 9.983999999999999542e-01 9.968000000000000194e-01 9.951999999999999735e-01 9.991999999999999771e-01 9.943999999999999506e-01 9.928000000000000158e-01 9.976000000000000423e-01 9.943999999999999506e-01 1.000000000000000000e+00 9.959999999999999964e-01
9.968000000000000194e-01 9.928000000000000158e-01 9.991999999999999771e-01 9.911999999999999700e-01 9.968000000000000194e-01 9.943999999999999506e-01 9.936000000000000387e-01 9.959999999999999964e-01 9.936000000000000387e-01 9.976000000000000423e-01 9.959999999999999964e-01 9.968000000000000194e-01 9.951999999999999735e-01 9.959999999999999964e-01 1.000000000000000000e+00 9.976000000000000423e-01 9.951999999999999735e-01 9.928000000000000158e-01 9.951999999999999735e-01 9.959999999999999964e-01
9.919999999999999929e-01 9.936000000000000387e-01 9.951999999999999735e-01 9.896000000000000352e-01 9.928000000000000158e-01 9.943999999999999506e-01 9.879999999999999893e-01 9.951999999999999735e-01 9.976000000000000423e-01 9.903999999999999471e-01 9.879999999999999893e-01 9.919999999999999929e-01 9.903999999999999471e-01 9.968000000000000194e-01 9.919999999999999929e-01 9.903999999999999471e-01 9.911999999999999700e-01 9.879999999999999893e-01 9.864000000000000545e-01 9.896000000000000352e-01
9.839999999999999858e-01 9.856000000000000316e-01 9.839999999999999858e-01 9.727999999999999980e-01 9.791999999999999593e-01 9.776000000000000245e-01 9.871999999999999664e-01 9.791999999999999593e-01 9.864000000000000545e-01 9.871999999999999664e-01 9.727999999999999980e-01 9.864000000000000545e-01 9.784000000000000474e-01 9.856000000000000316e-01 9.848000000000000087e-01 9.768000000000000016e-01 9.871999999999999664e-01 9.864000000000000545e-01 9.736000000000000210e-01 9.879999999999999893e-01
9.768000000000000016e-01 9.736000000000000210e-01 9.856000000000000316e-01 9.864000000000000545e-01 9.671999999999999487e-01 9.816000000000000281e-01 9.759999999999999787e-01 9.696000000000000174e-01 9.768000000000000016e-01 9.776000000000000245e-01 9.744000000000000439e-01 9.799999999999999822e-01 9.776000000000000245e-01 9.736000000000000210e-01 9.736000000000000210e-01 9.768000000000000016e-01 9.816000000000000281e-01 9.824000000000000510e-01 9.808000000000000052e-01 9.664000000000000368e-01
9.592000000000000526e-01 9.536000000000000032e-01 9.519999999999999574e-01 9.696000000000000174e-01 9.671999999999999487e-01 9.576000000000000068e-01 9.687999999999999945e-01 9.616000000000000103e-01 9.679999999999999716e-01 9.664000000000000368e-01 9.576000000000000068e-01 9.584000000000000297e-01 9.656000000000000139e-01 9.704000000000000403e-01 9.576000000000000068e-01 9.607999999999999874e-01 9.647999999999999909e-01 9.664000000000000368e-01 9.639999999999999680e-01 9.679999999999999716e-01
9.664000000000000368e-01 9.399999999999999467e-01 9.527999999999999803e-01 9.607999999999999874e-01 9.536000000000000032e-01 9.327999999999999625e-01 9.504000000000000226e-01 9.472000000000000419e-01 9.392000000000000348e-01 9.464000000000000190e-01 9.536000000000000032e-01 9.567999999999999838e-01 9.687999999999999945e-01 9.472000000000000419e-01 9.304000000000000048e-01 9.567999999999999838e-01 9.512000000000000455e-01 9.335999999999999854e-01 9.375999999999999890e-01 9.704000000000000403e-01
9.192000000000000171e-01 9.432000000000000384e-01 9.415999999999999925e-01 9.192000000000000171e-01 9.167999999999999483e-01 9.160000000000000364e-01 9.392000000000000348e-01 9.264000000000000012e-01 9.352000000000000313e-01 9.384000000000000119e-01 9.280000000000000471e-01 9.215999999999999748e-01 9.160000000000000364e-01 9.088000000000000522e-01 9.264000000000000012e-01 9.424000000000000155e-01 9.295999999999999819e-01 9.063999999999999835e-01 9.447999999999999732e-01 9.215999999999999748e-01
8.536000000000000254e-01 9.312000000000000277e-01 8.920000000000000151e-01 9.352000000000000313e-01 9.063999999999999835e-01 9.015999999999999570e-01 8.935999999999999499e-01 9.320000000000000506e-01 9.160000000000000364e-01 8.783999999999999586e-01 9.055999999999999606e-01 8.648000000000000131e-01 8.696000000000000396e-01 8.760000000000000009e-01 8.920000000000000151e-01 9.112000000000000099e-01 8.584000000000000519e-01 9.032000000000000028e-01 9.232000000000000206e-01 9.000000000000000222e-01
8.336000000000000076e-01 6.944000000000000172e-01 7.783999999999999808e-01 8.087999999999999634e-01 8.239999999999999547e-01 8.344000000000000306e-01 7.983999999999999986e-01 8.871999999999999886e-01 8.584000000000000519e-01 8.856000000000000538e-01 8.648000000000000131e-01 8.319999999999999618e-01 8.407999999999999918e-01 8.551999999999999602e-01 8.696000000000000396e-01 8.559999999999999831e-01 8.903999999999999693e-01 8.751999999999999780e-01 8.199999999999999512e-01 8.120000000000000551e-01
7.047999999999999821e-01 6.663999999999999924e-01 6.655999999999999694e-01 6.119999999999999885e-01 6.488000000000000433e-01 7.655999999999999472e-01 8.256000000000000005e-01 8.112000000000000322e-01 7.728000000000000425e-01 8.144000000000000128e-01 7.671999999999999931e-01 7.728000000000000425e-01 7.231999999999999540e-01 6.800000000000000488e-01 6.743999999999999995e-01 7.007999999999999785e-01 7.279999999999999805e-01 7.032000000000000473e-01 7.112000000000000544e-01 7.752000000000000002e-01
4.288000000000000145e-01 4.096000000000000196e-01 3.536000000000000254e-01 3.512000000000000122e-01 4.335999999999999854e-01 4.879999999999999893e-01 4.736000000000000210e-01 5.512000000000000233e-01 4.656000000000000139e-01 4.328000000000000180e-01 4.823999999999999955e-01 5.368000000000000549e-01 5.375999999999999668e-01 5.999999999999999778e-01 5.719999999999999529e-01 4.872000000000000219e-01 4.703999999999999848e-01 4.232000000000000206e-01 5.071999999999999842e-01 4.848000000000000087e-01
1.768000000000000127e-01 3.184000000000000163e-01 1.175999999999999962e-01 1.127999999999999975e-01 4.000000000000000083e-03 4.320000000000000229e-02 1.376000000000000001e-01 9.279999999999999361e-02 1.607999999999999985e-01 1.904000000000000137e-01 2.000000000000000111e-01 2.343999999999999972e-01 1.504000000000000059e-01 1.479999999999999927e-01 4.799999999999999580e-03 3.359999999999999792e-02 1.096000000000000030e-01 1.383999999999999952e-01 7.679999999999999327e-02 9.039999999999999425e-02
4.799999999999999580e-03 6.239999999999999714e-02 5.519999999999999907e-02 1.703999999999999959e-01 1.943999999999999895e-01 4.159999999999999809e-02 1.119999999999999989e-02 2.479999999999999913e-02 4.320000000000000229e-02 2.560000000000000123e-02 5.999999999999999778e-02 1.359999999999999924e-02 4.719999999999999890e-02 1.703999999999999959e-01 1.600000000000000033e-01 1.383999999999999952e-01 1.919999999999999832e-02 3.200000000000000153e-03 5.999999999999999778e-02 2.879999999999999921e-02
6.239999999999999714e-02 5.920000000000000262e-02 7.119999999999999940e-02 3.520000000000000212e-02 3.599999999999999728e-02 4.639999999999999680e-02 2.239999999999999977e-02 8.319999999999999618e-02 1.431999999999999940e-01 1.072000000000000036e-01 2.016000000000000014e-01 1.776000000000000079e-01 8.079999999999999682e-02 5.279999999999999971e-02 9.120000000000000329e-02 2.167999999999999927e-01 8.959999999999999909e-02 2.800000000000000058e-02 3.760000000000000148e-02 4.000000000000000083e-02
1.039999999999999952e-01 4.800000000000000100e-02 7.599999999999999811e-02 8.319999999999999618e-02 2.719999999999999848e-02 5.599999999999999943e-03 6.400000000000000133e-02 3.119999999999999857e-02 3.039999999999999994e-02 0.000000000000000000e+00 2.400000000000000050e-02 1.359999999999999924e-02 1.151999999999999968e-01 1.376000000000000001e-01 1.072000000000000036e-01 4.240000000000000019e-02 1.223999999999999949e-01 1.439999999999999961e-02 8.000000000000000167e-03 7.679999999999999327e-02
2.399999999999999790e-03 7.280000000000000360e-02 3.520000000000000212e-02 1.015999999999999959e-01 1.200000000000000025e-02 5.999999999999999778e-02 8.640000000000000457e-02 1.711999999999999911e-01 7.199999999999999803e-03 4.959999999999999826e-02 8.800000000000000530e-03 5.360000000000000181e-02 2.160000000000000114e-02 3.599999999999999728e-02 2.879999999999999921e-02 1.119999999999999989e-02 1.696000000000000008e-01 1.912000000000000088e-01 8.800000000000000530e-03 5.120000000000000245e-02
4.799999999999999580e-03 2.800000000000000058e-02 5.680000000000000326e-02 1.039999999999999952e-02 2.000000000000000042e-02 5.519999999999999907e-02 4.320000000000000229e-02 5.920000000000000262e-02 1.111999999999999933e-01 1.768000000000000127e-01 1.919999999999999832e-02 6.239999999999999714e-02 4.479999999999999954e-02 7.040000000000000424e-02 2.719999999999999848e-02 2.479999999999999913e-02 8.240000000000000102e-02 8.000000000000000383e-04 4.000000000000000083e-02 3.839999999999999664e-02
