3.119999999999999857e-02 3.119999999999999857e-02 3.119999999999999857e-02 3.119999999999999857e-02 3.119999999999999857e-02
3.119999999999999857e-02 3.119999999999999857e-02 3.119999999999999857e-02 3.119999999999999857e-02 3.119999999999999857e-02
3.119999999999999857e-02 3.119999999999999857e-02 3.119999999999999857e-02 3.119999999999999857e-02 3.119999999999999857e-02
3.119999999999999857e-02 3.119999999999999857e-02 3.119999999999999857e-02 3.119999999999999857e-02 3.119999999999999857e-02
3.119999999999999857e-02 3.119999999999999857e-02 3.119999999999999857e-02 3.119999999999999857e-02 3.119999999999999857e-02
3.119999999999999857e-02 3.119999999999999857e-02 3.119999999999999857e-02 3.119999999999999857e-02 3.119999999999999857e-02
3.119999999999999857e-02 3.119999999999999857e-02 3.119999999999999857e-02 3.119999999999999857e-02 3.119999999999999857e-02
3.119999999999999857e-02 3.119999999999999857e-02 3.119999999999999857e-02 3.119999999999999857e-02 3.119999999999999857e-02
3.119999999999999857e-02 3.119999999999999857e-02 3.119999999999999857e-02 3.119999999999999857e-02 3.119999999999999857e-02
3.119999999999999857e-02 3.119999999999999857e-02 3.119999999999999857e-02 3.119999999999999857e-02 3.119999999999999857e-02
3.119999999999999857e-02 3.119999999999999857e-02 3.119999999999999857e-02 3.119999999999999857e-02 3.119999999999999857e-02
3.119999999999999857e-02 3.119999999999999857e-02 3.119999999999999857e-02 3.119999999999999857e-02 3.119999999999999857e-02
3.119999999999999857e-02 3.119999999999999857e-02 3.119999999999999857e-02 3.119999999999999857e-02 3.119999999999999857e-02
3.119999999999999857e-02 3.119999999999999857e-02 3.119999999999999857e-02 3.119999999999999857e-02 3.119999999999999857e-02
3.119999999999999857e-02 3.119999999999999857e-02 3.119999999999999857e-02 3.119999999999999857e-02 3.119999999999999857e-02
3.119999999999999857e-02 3.119999999999999857e-02 3.119999999999999857e-02 3.119999999999999857e-02 3.119999999999999857e-02
3.119999999999999857e-02 3.119999999999999857e-02 3.119999999999999857e-02 3.119999999999999857e-02 3.119999999999999857e-02
3.119999999999999857e-02 3.119999999999999857e-02 3.119999999999999857e-02 3.119999999999999857e-02 3.119999999999999857e-02
3.119999999999999857e-02 3.119999999999999857e-02 3.119999999999999857e-02 3.119999999999999857e-02 3.119999999999999857e-02
3.119999999999999857e-02 3.119999999999999857e-02 3.119999999999999857e-02 3.119999999999999857e-02 3.119999999999999857e-02
3.119999999999999857e-02 3.119999999999999857e-02 3.119999999999999857e-02 3.119999999999999857e-02 3.119999999999999857e-02
3.119999999999999857e-02 3.119999999999999857e-02 3.119999999999999857e-02 3.119999999999999857e-02 3.119999999999999857e-02
3.119999999999999857e-02 3.119999999999999857e-02 3.119999999999999857e-02 3.119999999999999857e-02 3.119999999999999857e-02
3.119999999999999857e-02 3.119999999999999857e-02 3.119999999999999857e-02 3.119999999999999857e-02 3.119999999999999857e-02
3.119999999999999857e-02 3.119999999999999857e-02 3.119999999999999857e-02 3.119999999999999857e-02 3.119999999999999857e-02
3.119999999999999857e-02 3.119999999999999857e-02 3.119999999999999857e-02 3.119999999999999857e-02 3.119999999999999857e-02
3.119999999999999857e-02 3.119999999999999857e-02 3.119999999999999857e-02 3.119999999999999857e-02 3.119999999999999857e-02
3.119999999999999857e-02 3.119999999999999857e-02 3.119999999999999857e-02 3.119999999999999857e-02 3.119999999999999857e-02
3.119999999999999857e-02 3.119999999999999857e-02 3.119999999999999857e-02 3.119999999999999857e-02 3.119999999999999857e-02
3.119999999999999857e-02 3.119999999999999857e-02 3.119999999999999857e-02 3.119999999999999857e-02 3.119999999999999857e-02
