3.296000001373755497e-10
2.750476192644616859e-10
1.554365217526981727e-09
1.371161600081549402e-09
2.547294814917814895e-09
6.962228965541941955e-09
6.908056774264595110e-09
6.594404848521879729e-09
2.855689142858354768e-08
2.737774702695611296e-08
1.105188102563716053e-07
3.647225912195020518e-07
5.994269172093171422e-07
6.995718257777789111e-07
9.200887285106384382e-07
5.767056195918361844e-07
4.746336501960784008e-07
2.581783667924528986e-07
4.425983534545458453e-07
2.093311999999999945e-07
