# The x component of the magnetic field.
# For Grid size: 20 and Init sweeps: 100
0.000000000000000000e+00 1.199603319532764872e-03 2.434466611384323523e-03 3.720714083915410177e-03 5.057099785034215381e-03 6.417288081549399337e-03 7.744576142313372435e-03 8.952067448313885331e-03 9.931796552856690663e-03 1.057449226035616675e-02 1.079644662927438034e-02 1.056330848023032641e-02 9.899235721514226122e-03 8.877923293694271398e-03 7.599033617933174944e-03 6.161648629819247575e-03 4.644996279195989439e-03 3.100078617912442169e-03 1.550627832863265285e-03 0.000000000000000000e+00
0.000000000000000000e+00 1.238565276622755583e-03 2.519794495106698808e-03 3.867783891059073387e-03 5.288826464766525556e-03 6.762029748157283651e-03 8.230823192391586995e-03 9.598701406738853817e-03 1.073473275927133708e-02 1.149485560135640218e-02 1.176019513192428506e-02 1.148058546960919503e-02 1.069614821427961396e-02 9.515841528894211990e-03 8.074102540338273792e-03 6.492778677536613016e-03 4.860230231643994023e-03 3.226466626787737480e-03 1.608422718863574763e-03 0.000000000000000000e+00
0.000000000000000000e+00 1.287582344704740669e-03 2.629218614436317804e-03 4.061388830010424084e-03 5.602675737868656469e-03 7.242076774852767088e-03 8.925504655935731849e-03 1.054385788805094377e-02 1.193093666707675631e-02 1.288467482484000406e-02 1.322348367470713507e-02 1.286719972225067524e-02 1.188612291857141581e-02 1.045203247612813864e-02 8.757319294967770215e-03 6.958784578317646352e-03 5.156670512336010773e-03 3.397220183048239167e-03 1.685440101706482067e-03 0.000000000000000000e+00
0.000000000000000000e+00 1.347916285827429651e-03 2.769031969659828483e-03 4.321373409259768317e-03 6.046875782107257596e-03 7.956765478399551936e-03 1.000957812965982269e-02 1.208331838526702055e-02 1.395254913595812135e-02 1.529822448498883818e-02 1.579317564449899541e-02 1.527754127937420818e-02 1.390159864789297303e-02 1.198287809896346999e-02 9.830685775817103733e-03 7.660594598086689286e-03 5.584649303084795666e-03 3.634452992504505053e-03 1.789466998751918165e-03 0.000000000000000000e+00
0.000000000000000000e+00 1.397704963683050290e-03 2.894245857098210264e-03 4.578392908525394378e-03 6.529637926237993883e-03 8.802380967492876018e-03 1.139380044204018304e-02 1.418929192278752319e-02 1.689114273651001405e-02 1.897460864665596186e-02 1.978906145711199077e-02 1.895122625532813174e-02 1.683525379526083082e-02 1.408246840680750511e-02 1.120793273468191284e-02 8.499070497791402778e-03 6.059328966789115888e-03 3.879244750540689068e-03 1.890849522553163936e-03 0.000000000000000000e+00
0.000000000000000000e+00 1.407368271226054623e-03 2.941996727625059704e-03 4.730197189293130003e-03 6.904699075177626530e-03 9.594359705095319157e-03 1.288775441251882245e-02 1.674610967375066151e-02 2.083958140906388978e-02 2.433255504556544602e-02 2.585452540023750606e-02 2.430753359746715137e-02 2.078114928234103820e-02 1.663719137848195667e-02 1.270194662843101771e-02 9.294847547634141338e-03 6.442579836176069719e-03 4.042013602452373261e-03 1.946267513864596062e-03 0.000000000000000000e+00
0.000000000000000000e+00 1.342862756336514474e-03 2.836671658581570166e-03 4.644643869534691161e-03 6.963224565449038783e-03 1.003155482482933833e-02 1.411497453410438807e-02 1.941120267770143556e-02 2.576863637030948201e-02 3.206502795209131840e-02 3.539852265552645427e-02 3.203991570320338655e-02 2.571111763368603281e-02 1.930631140412164201e-02 1.393924462472263121e-02 9.751582497139137107e-03 6.533350680600655963e-03 4.003332668428068175e-03 1.900958132223202340e-03 0.000000000000000000e+00
0.000000000000000000e+00 1.172782494355767077e-03 2.503909566879750082e-03 4.178214505496795003e-03 6.446880573178055684e-03 9.675556799966629484e-03 1.439870756972311608e-02 2.132921863617172342e-02 3.111041033893079816e-02 4.313680263732174586e-02 5.201811462064117458e-02 4.311347120857560861e-02 3.105795777753064812e-02 2.123567009042422876e-02 1.424502653327534493e-02 9.434095289558758896e-03 6.078808733802173320e-03 3.629337077346630677e-03 1.697872579742784604e-03 0.000000000000000000e+00
0.000000000000000000e+00 8.796447516649565784e-04 1.896154194617548361e-03 3.220461688454015134e-03 5.111060294339365984e-03 8.005778412322455545e-03 1.269750566615414356e-02 2.065960368671233838e-02 3.450508966730418681e-02 5.767557023504965574e-02 8.675296015235721414e-02 5.765597222332818905e-02 3.446200828847760522e-02 2.058493151346012240e-02 1.257816273579199368e-02 7.822371040631721784e-03 4.835616946564164770e-03 2.812646523379359192e-03 1.296869910370998177e-03 0.000000000000000000e+00
0.000000000000000000e+00 4.725281122676594156e-04 1.025462372652949719e-03 1.765075119898033840e-03 2.866088881193815108e-03 4.662993840500007092e-03 7.881032872367438324e-03 1.429288012571697242e-02 2.878873715407781475e-02 6.654075061076999975e-02 1.799019287209725482e-01 6.652664630537166723e-02 2.875886583157748200e-02 1.424370901922321353e-02 7.806698757059034322e-03 4.554482991429770200e-03 2.709852438588778584e-03 1.540697222134788588e-03 7.016531926232211919e-04 0.000000000000000000e+00
0.000000000000000000e+00 -6.363477968261872786e-06 -1.427013174720714872e-05 -2.383858055758983352e-05 -3.495333736183020568e-05 -4.722097188541996005e-05 -5.997478546013179646e-05 -7.233322077335180289e-05 -8.330621420628292473e-05 -9.193123249481849335e-05 -9.741051960462931980e-05 -9.921765892145772980e-05 -9.714803021042273112e-05 -9.130329987611096598e-05 -8.201937425824507022e-05 -6.976282113969195509e-05 -5.502717218373170960e-05 -3.825678751156677548e-05 -1.981504359603505211e-05 0.000000000000000000e+00
0.000000000000000000e+00 -4.903144563512080653e-04 -1.064046917644669368e-03 -1.827675212486924716e-03 -2.955623914250693485e-03 -4.781482874338084665e-03 -8.029000032147161348e-03 -1.446888789617849225e-02 -2.898915687525766005e-02 -6.675983976005808729e-02 -1.801322197646527679e-01 -6.675957727066390845e-02 -2.898552221876431190e-02 -1.445552311789817523e-02 -7.995975436001584447e-03 -4.714681037546103459e-03 -2.835624466763105728e-03 -1.627754604913931799e-03 -7.465592465719424892e-04 0.000000000000000000e+00
0.000000000000000000e+00 -9.125322818127595131e-04 -1.964743940714983039e-03 -3.327699527935296109e-03 -5.259407121125728168e-03 -8.196457376455922733e-03 -1.292974934011090898e-02 -2.093006167553766728e-02 -3.480755045826228189e-02 -5.800110238540573393e-02 -8.709048774441074947e-02 -5.799318802636038717e-02 -3.478643359164501625e-02 -2.088489434827194013e-02 -1.284350383793748246e-02 -8.044781778807994638e-03 -5.008625130730203628e-03 -2.931355524156801368e-03 -1.357602625984673239e-03 0.000000000000000000e+00
0.000000000000000000e+00 -1.230561944380596101e-03 -2.622045673941343635e-03 -4.359365567984243434e-03 -6.692958546017209465e-03 -9.986686628563168355e-03 -1.477216119992722995e-02 -2.175855963752656302e-02 -3.158509244418256090e-02 -4.364240519021217457e-02 -5.253725951870097388e-02 -4.362727653425999691e-02 -3.154771273593825337e-02 -2.168434678055246312e-02 -1.463831508637554804e-02 -9.760821456144264108e-03 -6.330784194652848418e-03 -3.800832022707428468e-03 -1.784958890510821884e-03 0.000000000000000000e+00
0.000000000000000000e+00 -1.434834378808156133e-03 -3.023062851357598974e-03 -4.928082276618646687e-03 -7.345346352234379678e-03 -1.051148018563475423e-02 -1.468769018308220195e-02 -2.006620909261725566e-02 -2.648926498394767876e-02 -3.282876956544565628e-02 -3.617849101174110821e-02 -3.280722908670923726e-02 -2.643764893138903643e-02 -1.996711651724529524e-02 -1.451412360698083742e-02 -1.022556438773104467e-02 -6.896238354370285567e-03 -4.248664956047929278e-03 -2.024811475806204825e-03 0.000000000000000000e+00
0.000000000000000000e+00 -1.541977411857866753e-03 -3.213872308694278902e-03 -5.142626194489625761e-03 -7.459908781426587837e-03 -1.029122996238241924e-02 -1.371927557368153583e-02 -1.769712390650439796e-02 -2.188549337315470744e-02 -2.543966969573222686e-02 -2.698233969162495624e-02 -2.541267749365772044e-02 -2.182198872238648446e-02 -1.757779878645043467e-02 -1.351445783066378484e-02 -9.959913533839882815e-03 -6.948260882833127289e-03 -4.381802296508040089e-03 -2.116961834252719960e-03 0.000000000000000000e+00
0.000000000000000000e+00 -1.581970515663920235e-03 -3.266312050748875102e-03 -5.143534910933328722e-03 -7.292453656331059769e-03 -9.763360658184038962e-03 -1.254528760151282785e-02 -1.551161048689510963e-02 -1.835004581372495780e-02 -2.052133500414747569e-02 -2.136383158301993768e-02 -2.048982897051934704e-02 -1.827690515038776775e-02 -1.537640271586815030e-02 -1.231691571695093038e-02 -9.399503284185038374e-03 -6.738804479619088517e-03 -4.332886780562032747e-03 -2.117649770248108878e-03 0.000000000000000000e+00
0.000000000000000000e+00 -1.586543989778285528e-03 -3.251807512780420344e-03 -5.057774400407815535e-03 -7.046989817113297194e-03 -9.226253844643763150e-03 -1.154330213942477042e-02 -1.385864639302122024e-02 -1.592423829348416087e-02 -1.739739342921439030e-02 -1.793243753944971652e-02 -1.736218130062668411e-02 -1.584337231925855155e-02 -1.371115879588116065e-02 -1.129754701511652762e-02 -8.839731917317079912e-03 -6.466247966536119857e-03 -4.218577207946100707e-03 -2.079953994204393128e-03 0.000000000000000000e+00
0.000000000000000000e+00 -1.581636311175044479e-03 -3.226466626787737914e-03 -4.978856494223284079e-03 -6.860919619292242533e-03 -8.858101244763971413e-03 -1.090293322174461579e-02 -1.286143391319204132e-02 -1.453227029909124647e-02 -1.567408043657139705e-02 -1.607296752122603506e-02 -1.563582364905983374e-02 -1.444521291631210326e-02 -1.270446812490303237e-02 -1.064438089360467479e-02 -8.455803168855103094e-03 -6.262578597096633837e-03 -4.122916388293070347e-03 -2.044001389150534431e-03 0.000000000000000000e+00
0.000000000000000000e+00 -1.577414240551795570e-03 -3.207224248666561139e-03 -4.921954464329482068e-03 -6.730639251169729179e-03 -8.606107804001452213e-03 -1.047369570417574017e-02 -1.220660766446619167e-02 -1.363584894580024791e-02 -1.458144078257082171e-02 -1.490176449415833715e-02 -1.454043739569825175e-02 -1.354328211278450593e-02 -1.204138241591636016e-02 -1.020427857344864339e-02 -8.190801468739470140e-03 -6.118233532945806241e-03 -4.053089168309065640e-03 -2.016994764074334871e-03 0.000000000000000000e+00
