# The y component of the magnetic field.
# For Grid size: 20 and Init sweeps: 100
0.000000000000000000e+00 0.000000000000000000e+00 0.000000000000000000e+00 0.000000000000000000e+00 0.000000000000000000e+00 0.000000000000000000e+00 0.000000000000000000e+00 0.000000000000000000e+00 0.000000000000000000e+00 0.000000000000000000e+00 0.000000000000000000e+00 0.000000000000000000e+00 0.000000000000000000e+00 0.000000000000000000e+00 0.000000000000000000e+00 0.000000000000000000e+00 0.000000000000000000e+00 0.000000000000000000e+00 0.000000000000000000e+00 0.000000000000000000e+00
1.199603319532764872e-03 1.238565276622755583e-03 1.287582344704740669e-03 1.347916285827429651e-03 1.397704963683049856e-03 1.407368271226054623e-03 1.342862756336514040e-03 1.172782494355767077e-03 8.796447516649574458e-04 4.725281122676594156e-04 -6.363477968261872786e-06 -4.903144563512063306e-04 -9.125322818127595131e-04 -1.230561944380597836e-03 -1.434834378808155699e-03 -1.541977411857866319e-03 -1.581970515663920235e-03 -1.586543989778285962e-03 -1.581636311175044912e-03 -1.577414240551795136e-03
2.434466611384323523e-03 2.519794495106698808e-03 2.629218614436317804e-03 2.769031969659826748e-03 2.894245857098210264e-03 2.941996727625061439e-03 2.836671658581570166e-03 2.503909566879750082e-03 1.896154194617548361e-03 1.025462372652947984e-03 -1.427013174720714872e-05 -1.064046917644671103e-03 -1.964743940714983039e-03 -2.622045673941340166e-03 -3.023062851357598974e-03 -3.213872308694279770e-03 -3.266312050748875536e-03 -3.251807512780419476e-03 -3.226466626787737480e-03 -3.207224248666561573e-03
3.720714083915410177e-03 3.867783891059073387e-03 4.061388830010424084e-03 4.321373409259768317e-03 4.578392908525392643e-03 4.730197189293130003e-03 4.644643869534691161e-03 4.178214505496791534e-03 3.220461688454016869e-03 1.765075119898037309e-03 -2.383858055758983352e-05 -1.827675212486924716e-03 -3.327699527935296109e-03 -4.359365567984243434e-03 -4.928082276618648422e-03 -5.142626194489625761e-03 -5.143534910933326987e-03 -5.057774400407814668e-03 -4.978856494223284079e-03 -4.921954464329483803e-03
5.057099785034213646e-03 5.288826464766527291e-03 5.602675737868656469e-03 6.046875782107255862e-03 6.529637926237993883e-03 6.904699075177626530e-03 6.963224565449038783e-03 6.446880573178048746e-03 5.111060294339365984e-03 2.866088881193822047e-03 -3.495333736183714457e-05 -2.955623914250693485e-03 -5.259407121125721229e-03 -6.692958546017209465e-03 -7.345346352234379678e-03 -7.459908781426587837e-03 -7.292453656331059769e-03 -7.046989817113297194e-03 -6.860919619292242533e-03 -6.730639251169729179e-03
6.417288081549401071e-03 6.762029748157283651e-03 7.242076774852767955e-03 7.956765478399551936e-03 8.802380967492874284e-03 9.594359705095319157e-03 1.003155482482933833e-02 9.675556799966622545e-03 8.005778412322455545e-03 4.662993840500014031e-03 -4.722097188541996005e-05 -4.781482874338084665e-03 -8.196457376455922733e-03 -9.986686628563161416e-03 -1.051148018563475076e-02 -1.029122996238242271e-02 -9.763360658184040697e-03 -9.226253844643766619e-03 -8.858101244763973148e-03 -8.606107804001450479e-03
7.744576142313372435e-03 8.230823192391586995e-03 8.925504655935731849e-03 1.000957812965982269e-02 1.139380044204018304e-02 1.288775441251882245e-02 1.411497453410438113e-02 1.439870756972311608e-02 1.269750566615415049e-02 7.881032872367438324e-03 -5.997478546013179646e-05 -8.029000032147161348e-03 -1.292974934011091592e-02 -1.477216119992722995e-02 -1.468769018308219501e-02 -1.371927557368153583e-02 -1.254528760151282785e-02 -1.154330213942477042e-02 -1.090293322174461579e-02 -1.047369570417574017e-02
8.952067448313888801e-03 9.598701406738853817e-03 1.054385788805094551e-02 1.208331838526702055e-02 1.418929192278752145e-02 1.674610967375066845e-02 1.941120267770143556e-02 2.132921863617171648e-02 2.065960368671233838e-02 1.429288012571698629e-02 -7.233322077335180289e-05 -1.446888789617850613e-02 -2.093006167553766728e-02 -2.175855963752656302e-02 -2.006620909261725566e-02 -1.769712390650439796e-02 -1.551161048689510963e-02 -1.385864639302122024e-02 -1.286143391319204132e-02 -1.220660766446619167e-02
9.931796552856690663e-03 1.073473275927133708e-02 1.193093666707675977e-02 1.395254913595812829e-02 1.689114273651001752e-02 2.083958140906388284e-02 2.576863637030947507e-02 3.111041033893079816e-02 3.450508966730417293e-02 2.878873715407781475e-02 -8.330621420626904694e-05 -2.898915687525768781e-02 -3.480755045826229577e-02 -3.158509244418253314e-02 -2.648926498394766488e-02 -2.188549337315470744e-02 -1.835004581372495780e-02 -1.592423829348416087e-02 -1.453227029909124647e-02 -1.363584894580024791e-02
1.057449226035616675e-02 1.149485560135640218e-02 1.288467482484000406e-02 1.529822448498883818e-02 1.897460864665596186e-02 2.433255504556544602e-02 3.206502795209131840e-02 4.313680263732175973e-02 5.767557023504965574e-02 6.654075061077001363e-02 -9.193123249481849335e-05 -6.675983976005811504e-02 -5.800110238540573393e-02 -4.364240519021217457e-02 -3.282876956544565628e-02 -2.543966969573222686e-02 -2.052133500414747222e-02 -1.739739342921438683e-02 -1.567408043657140052e-02 -1.458144078257082518e-02
1.079644662927437861e-02 1.176019513192428680e-02 1.322348367470713507e-02 1.579317564449899541e-02 1.978906145711199077e-02 2.585452540023750606e-02 3.539852265552644039e-02 5.201811462064117458e-02 8.675296015235720026e-02 1.799019287209725482e-01 -9.741051960460156423e-05 -1.801322197646527679e-01 -8.709048774441074947e-02 -5.253725951870098082e-02 -3.617849101174110821e-02 -2.698233969162496318e-02 -2.136383158301993768e-02 -1.793243753944971652e-02 -1.607296752122603506e-02 -1.490176449415834409e-02
1.056330848023032641e-02 1.148058546960919503e-02 1.286719972225067524e-02 1.527754127937421512e-02 1.895122625532813174e-02 2.430753359746714443e-02 3.203991570320338655e-02 4.311347120857560861e-02 5.765597222332818905e-02 6.652664630537166723e-02 -9.921765892145772980e-05 -6.675957727066390845e-02 -5.799318802636038717e-02 -4.362727653425999691e-02 -3.280722908670923726e-02 -2.541267749365771350e-02 -2.048982897051934704e-02 -1.736218130062669104e-02 -1.563582364905983374e-02 -1.454043739569825175e-02
9.899235721514215713e-03 1.069614821427961743e-02 1.188612291857141755e-02 1.390159864789296956e-02 1.683525379526083082e-02 2.078114928234103820e-02 2.571111763368603281e-02 3.105795777753067588e-02 3.446200828847760522e-02 2.875886583157744036e-02 -9.714803021042273112e-05 -2.898552221876429802e-02 -3.478643359164501625e-02 -3.154771273593825337e-02 -2.643764893138903643e-02 -2.182198872238648446e-02 -1.827690515038776775e-02 -1.584337231925855155e-02 -1.444521291631210326e-02 -1.354328211278450593e-02
8.877923293694271398e-03 9.515841528894211990e-03 1.045203247612813864e-02 1.198287809896346999e-02 1.408246840680750511e-02 1.663719137848196361e-02 1.930631140412164201e-02 2.123567009042423570e-02 2.058493151346012240e-02 1.424370901922319965e-02 -9.130329987611096598e-05 -1.445552311789817523e-02 -2.088489434827194013e-02 -2.168434678055246312e-02 -1.996711651724529177e-02 -1.757779878645043467e-02 -1.537640271586815377e-02 -1.371115879588116065e-02 -1.270446812490303237e-02 -1.204138241591636016e-02
7.599033617933174944e-03 8.074102540338273792e-03 8.757319294967770215e-03 9.830685775817103733e-03 1.120793273468190590e-02 1.270194662843101771e-02 1.393924462472263814e-02 1.424502653327534493e-02 1.257816273579199368e-02 7.806698757059027383e-03 -8.201937425824507022e-05 -7.995975436001577508e-03 -1.284350383793748246e-02 -1.463831508637554804e-02 -1.451412360698083742e-02 -1.351445783066378484e-02 -1.231691571695093038e-02 -1.129754701511652762e-02 -1.064438089360467479e-02 -1.020427857344864686e-02
6.161648629819245840e-03 6.492778677536613016e-03 6.958784578317648087e-03 7.660594598086689286e-03 8.499070497791397574e-03 9.294847547634141338e-03 9.751582497139140576e-03 9.434095289558758896e-03 7.822371040631721784e-03 4.554482991429770200e-03 -6.976282113969195509e-05 -4.714681037546103459e-03 -8.044781778807998107e-03 -9.760821456144264108e-03 -1.022556438773104120e-02 -9.959913533839882815e-03 -9.399503284185038374e-03 -8.839731917317079912e-03 -8.455803168855103094e-03 -8.190801468739470140e-03
4.644996279195986837e-03 4.860230231643994890e-03 5.156670512336010773e-03 5.584649303084794798e-03 6.059328966789112418e-03 6.442579836176069719e-03 6.533350680600659433e-03 6.078808733802173320e-03 4.835616946564164770e-03 2.709852438588778584e-03 -5.502717218373864849e-05 -2.835624466763105728e-03 -5.008625130730196690e-03 -6.330784194652848418e-03 -6.896238354370285567e-03 -6.948260882833127289e-03 -6.738804479619087649e-03 -6.466247966536119857e-03 -6.262578597096634704e-03 -6.118233532945807109e-03
3.100078617912440000e-03 3.226466626787737914e-03 3.397220183048239601e-03 3.634452992504504619e-03 3.879244750540687334e-03 4.042013602452373261e-03 4.003332668428069910e-03 3.629337077346630677e-03 2.812646523379355723e-03 1.540697222134788588e-03 -3.825678751156330604e-05 -1.627754604913931799e-03 -2.931355524156801368e-03 -3.800832022707428468e-03 -4.248664956047929278e-03 -4.381802296508040956e-03 -4.332886780562032747e-03 -4.218577207946098973e-03 -4.122916388293070347e-03 -4.053089168309067375e-03
1.550627832863265285e-03 1.608422718863574763e-03 1.685440101706481633e-03 1.789466998751918165e-03 1.890849522553164370e-03 1.946267513864596062e-03 1.900958132223202340e-03 1.697872579742784604e-03 1.296869910370996443e-03 7.016531926232194571e-04 -1.981504359603331739e-05 -7.465592465719407544e-04 -1.357602625984673239e-03 -1.784958890510822752e-03 -2.024811475806204825e-03 -2.116961834252719526e-03 -2.117649770248109312e-03 -2.079953994204392694e-03 -2.044001389150533997e-03 -2.016994764074335304e-03
0.000000000000000000e+00 0.000000000000000000e+00 0.000000000000000000e+00 0.000000000000000000e+00 0.000000000000000000e+00 0.000000000000000000e+00 0.000000000000000000e+00 0.000000000000000000e+00 0.000000000000000000e+00 0.000000000000000000e+00 0.000000000000000000e+00 0.000000000000000000e+00 0.000000000000000000e+00 0.000000000000000000e+00 0.000000000000000000e+00 0.000000000000000000e+00 0.000000000000000000e+00 0.000000000000000000e+00 0.000000000000000000e+00 0.000000000000000000e+00
