1 1.233496164683711704e-04
2 1.813155410031512538e-01
3 8.952003306528255600e-02
4 5.594777401484156421e-02
5 4.022358351334896776e-02
6 3.125873253047339873e-02
7 2.542645143552792197e-02
8 2.129719698418278129e-02
9 1.820601869183026411e-02
10 1.580120986427548807e-02
11 1.387838454945473921e-02
12 1.231025735765442497e-02
13 1.101328626559480023e-02
14 9.930335994961229928e-03
15 9.021019783334551650e-03
16 8.256017508715574049e-03
17 7.613584021086028386e-03
18 7.077325989034950054e-03
19 6.634744960525859950e-03
20 6.276260320615553723e-03
21 5.994542773239215985e-03
22 5.784055089668411337e-03
23 5.640735723441397953e-03
24 5.561784594808223681e-03
25 5.538124576980885116e-03
