1.233496164683711704e-04
1.813155410031512538e-01
8.952003306528255600e-02
5.594777401484156421e-02
4.022358351334896776e-02
3.125873253047339873e-02
2.542645143552792197e-02
2.129719698418278129e-02
1.820601869183026411e-02
1.580120986427548807e-02
1.387838454945473921e-02
1.231025735765442497e-02
1.101328626559480023e-02
9.930335994961229928e-03
9.021019783334551650e-03
8.256017508715574049e-03
7.613584021086028386e-03
7.077325989034950054e-03
6.634744960525859950e-03
6.276260320615553723e-03
5.994542773239215985e-03
5.784055089668411337e-03
5.640735723441397953e-03
5.561784594808223681e-03
5.538124576980885116e-03
