# The y component of the electric field.
# For Grid size: 20 and Init sweeps: 100
0.000000000000000000e+00 0.000000000000000000e+00 0.000000000000000000e+00 0.000000000000000000e+00 0.000000000000000000e+00 0.000000000000000000e+00 0.000000000000000000e+00 0.000000000000000000e+00 0.000000000000000000e+00 0.000000000000000000e+00 0.000000000000000000e+00 0.000000000000000000e+00 0.000000000000000000e+00 0.000000000000000000e+00 0.000000000000000000e+00 0.000000000000000000e+00 0.000000000000000000e+00 0.000000000000000000e+00 0.000000000000000000e+00 0.000000000000000000e+00
4.016012325041734858e-04 3.997454332390529383e-04 3.892892167844151457e-04 3.569147619264542259e-04 2.858070573382617526e-04 1.666773202251199161e-04 1.285373219326278738e-05 -1.363211245696699121e-04 -2.413614121428604709e-04 -2.886331442985853955e-04 -2.873485886698341654e-04 -2.551909282606948468e-04 -2.082968059259064815e-04 -1.579219935334622287e-04 -1.107947184003782855e-04 -7.049293104327191350e-05 -3.867194198630952818e-05 -1.591262742247265589e-05 -2.277155442737498802e-06 2.270467475059752643e-06
7.994908664781058766e-04 7.985962280505592807e-04 7.855464802884865299e-04 7.310304267374851100e-04 5.949970711080399162e-04 3.500098215560524390e-04 2.060651212310374292e-05 -2.995805547285797232e-04 -5.165480566076650903e-04 -6.048850861455776435e-04 -5.914146806709165080e-04 -5.172394837239937615e-04 -4.164353074778853769e-04 -3.112315096442852449e-04 -2.143034198986289672e-04 -1.321716440141547139e-04 -6.773016285216800674e-05 -2.185609045536748911e-05 5.536130748580873566e-06 1.465578473572351494e-05
1.180179666073003560e-03 1.185291913527539414e-03 1.184336585673184238e-03 1.128613323476758933e-03 9.437250740557104247e-04 5.646954816769023978e-04 1.818746261360477956e-05 -5.148015474012758441e-04 -8.525179500057924672e-04 -9.663759317409129426e-04 -9.193634361635469841e-04 -7.858755886036866310e-04 -6.196911501415387552e-04 -4.526013825809366157e-04 -3.016228595586571953e-04 -1.752133408737384336e-04 -7.691767756414835189e-05 -7.463440563730607691e-06 3.377411805468253107e-05 4.746102616616065372e-05
1.513320390331014328e-03 1.529626654788044391e-03 1.557245041838791182e-03 1.528037290171607330e-03 1.323589131612656553e-03 8.133177205054678213e-04 5.444759131104613681e-07 -7.950202739699305243e-04 -1.252311983779901168e-03 -1.364396639010840694e-03 -1.257430955246705007e-03 -1.047297966052850981e-03 -8.056388405668621138e-04 -5.704602424033168844e-04 -3.612990428890085182e-04 -1.880491276770328204e-04 -5.472260596316918456e-05 3.850114630340694647e-05 9.336458391558063758e-05 1.114828746908906414e-04
1.751793780749527282e-03 1.780288984635579330e-03 1.842254602390632802e-03 1.857205383981375569e-03 1.666748113595559189e-03 1.056510172987441733e-03 -3.710128433174336715e-05 -1.110988797432375160e-03 -1.659836628489427639e-03 -1.741152699424303564e-03 -1.561240450969435820e-03 -1.272061310115320688e-03 -9.548563931129430433e-04 -6.499318038063831840e-04 -3.796450402945996489e-04 -1.571727429464780121e-04 1.194048228500451921e-05 1.283302670387990183e-04 1.958397085521893129e-04 2.179450901633299420e-04
1.846675030781254378e-03 1.879636476344096830e-03 1.955263203290573664e-03 1.991345189121022929e-03 1.815403822923195888e-03 1.164768170358561512e-03 -9.874725577892033701e-05 -1.342000751313045942e-03 -1.928418694400255498e-03 -1.986573368126908455e-03 -1.765793047337236221e-03 -1.426690598325891426e-03 -1.049561634810922866e-03 -6.775796348173609897e-04 -3.424080915216697919e-04 -6.723401227570540914e-05 1.379647200050380896e-04 2.753367403519010903e-04 3.529594622395699913e-04 3.779835773666599371e-04
1.777501245136052857e-03 1.800895496758683073e-03 1.847588332810975228e-03 1.837143347771382287e-03 1.611459366650211476e-03 9.572184412954109350e-04 -1.867909635792355458e-04 -1.313062222827458998e-03 -1.908974784632391959e-03 -2.021012051039449992e-03 -1.840930468344553414e-03 -1.505937276336573576e-03 -1.090804322370441011e-03 -6.488613576767385217e-04 -2.364152466596883533e-04 9.950955215418328184e-05 3.405058841922705684e-04 4.934591386573229481e-04 5.756115793648265829e-04 6.012938624864773429e-04
1.574032781641914120e-03 1.580055921615516890e-03 1.576782780458968383e-03 1.495905469879672128e-03 1.219216572892096572e-03 6.177876930154460947e-04 -3.008206811740037415e-04 -1.208670001747920615e-03 -1.770535187130721673e-03 -1.956904445069556492e-03 -1.861642404368288144e-03 -1.563777491731016284e-03 -1.112917837024375318e-03 -5.725921453549973755e-04 -4.798682970316606004e-05 3.656895901953116645e-04 6.396231658210098890e-04 7.958905015652897874e-04 8.712640294075231408e-04 8.932298152645084047e-04
1.294778420850331698e-03 1.284347440151017766e-03 1.236431794948042798e-03 1.101379420599145993e-03 8.041406881665754368e-04 2.811117306750570387e-04 -4.359291197221985652e-04 -1.155178715557924089e-03 -1.675309825129918211e-03 -1.933833856540241331e-03 -1.938700557457036927e-03 -1.689652931791399502e-03 -1.178253516701423600e-03 -4.665786531854515182e-04 2.443416942315454303e-04 7.628618680174171530e-04 1.057214341352926074e-03 1.190878925662850005e-03 1.238675289886321607e-03 1.249329543939057402e-03
9.967664930447435456e-04 9.751708354699394629e-04 8.990399930166401848e-04 7.363939170144088607e-04 4.444398052087057335e-04 -4.389036100621666187e-06 -5.806800327891503861e-04 -1.179001078690568652e-03 -1.683356992631512145e-03 -2.026628423546661655e-03 -2.155410981085987155e-03 -1.975773248715399517e-03 -1.367143947900709665e-03 -3.501123697324682454e-04 6.786094588410352020e-04 1.330142665550114022e-03 1.607753355095632546e-03 1.670897303779081064e-03 1.658366095722973912e-03 1.646598869944352868e-03
7.200812435106635845e-04 6.929327594801012579e-04 6.044169474543300332e-04 4.353631460233577111e-04 1.622636733606868178e-04 -2.272503614154745008e-04 -7.156191370973162677e-04 -1.251028072588976012e-03 -1.773079914242401724e-03 -2.227602433257940343e-03 -2.526967779973429782e-03 -2.476647244472534454e-03 -1.760064884158453035e-03 -2.388766672942552877e-04 1.302508804734926230e-03 2.085788954741061695e-03 2.267211982946641929e-03 2.190615480987173191e-03 2.079289685219684169e-03 2.033408875594973700e-03
4.863846365233538520e-04 4.579313517459455388e-04 3.683553326736482923e-04 2.063354346855518040e-04 -4.174591630292799789e-05 -3.837816683736620027e-04 -8.145559990104034916e-04 -1.316087972095693510e-03 -1.867072648086338504e-03 -2.438624180531044888e-03 -2.942405293767121673e-03 -3.109074113021612767e-03 -2.356706748695003642e-03 -1.432416929510495207e-04 2.095003333445903497e-03 2.926360742175415121e-03 2.906331780489685313e-03 2.637000322805760442e-03 2.409603840990881280e-03 2.326363551120779784e-03
3.034876316588506215e-04 2.764974520022160437e-04 1.930226032386976511e-04 4.615961293438091990e-05 -1.729015696107171992e-04 -4.711731556595352526e-04 -8.515670663548145607e-04 -1.314384274802428681e-03 -1.860529108573384747e-03 -2.481828544134274690e-03 -3.108779147430458783e-03 -3.466210045266828431e-03 -2.812490828375603311e-03 -6.861137825672769530e-05 2.701272691024620559e-03 3.436510443533909512e-03 3.226253957260178783e-03 2.827617464932874469e-03 2.533974652992056296e-03 2.430844849432827609e-03
1.705406494564293946e-04 1.466998421016604565e-04 7.367594362617401371e-05 -5.289329807347997107e-05 -2.390763375283747288e-04 -4.909010607877062164e-04 -8.134855528807588294e-04 -1.211100482633329896e-03 -1.684789943595050958e-03 -2.216144404908515757e-03 -2.714703307875923274e-03 -2.902203436240192308e-03 -2.186441459657476917e-03 -1.648345398742867562e-05 2.178049597869866939e-03 2.970087760241733009e-03 2.917949190115004879e-03 2.625169944489145861e-03 2.383551545198324233e-03 2.295537179596227051e-03
8.189819485809405057e-05 6.219403210358713063e-05 2.194462080418781982e-06 -1.008360100559986040e-04 -2.509237503466596529e-04 -4.522822042921966889e-04 -7.083372727199035903e-04 -1.019963012983924732e-03 -1.379772167682150313e-03 -1.755232255590073428e-03 -2.050612036927077549e-03 -2.049816170661959269e-03 -1.413726942085909849e-03 1.443488616723661438e-05 1.463812950082154542e-03 2.165277948979529247e-03 2.280544927255192568e-03 2.156053119365067966e-03 2.015870732914887969e-03 1.960339333937463364e-03
2.955478736988556760e-05 1.452819808750573757e-05 -3.104446620429249958e-05 -1.087707817363580098e-04 -2.210357396011142532e-04 -3.700859453863789136e-04 -5.568032577800977522e-04 -7.781768801623130394e-04 -1.021437627731817087e-03 -1.251691329553713183e-03 -1.391776221152280901e-03 -1.305985359614892944e-03 -8.357199708646286668e-04 2.724356407889094722e-05 9.068171033154884091e-04 1.427965062683522225e-03 1.601829152523624950e-03 1.590976883105829371e-03 1.534393633810174915e-03 1.507993176995815580e-03
4.554310885475002687e-06 -5.536130748580870177e-06 -3.605127349742003496e-05 -8.782845316699976147e-05 -1.620655904975068225e-04 -2.595948783239893673e-04 -3.797718708126373785e-04 -5.183045671679533664e-04 -6.630637105214949156e-04 -7.871020663154503372e-04 -8.406143953333621282e-04 -7.512377452679075852e-04 -4.546849677723721270e-04 2.605229579255748107e-05 5.181039200771683263e-04 8.491579113881488842e-04 9.976980638695541644e-04 1.029730533001786338e-03 1.018172669045333371e-03 1.009326201616777153e-03
-2.270467475059750949e-06 -7.327892367861757468e-06 -2.259527934555045139e-05 -4.841354497758356068e-05 -8.524203199858465768e-05 -1.332503513378846343e-04 -1.916743861615736869e-04 -2.576231189489243422e-04 -3.240178407262901379e-04 -3.766845273399221233e-04 -3.920396658279580405e-04 -3.398823405882134578e-04 -1.987179869189269546e-04 1.541318576227636641e-05 2.352527577476821227e-04 3.937720013002056268e-04 4.755065661603429970e-04 5.024928354851609805e-04 5.046631008083886849e-04 5.030075060254938363e-04
0.000000000000000000e+00 0.000000000000000000e+00 0.000000000000000000e+00 0.000000000000000000e+00 0.000000000000000000e+00 0.000000000000000000e+00 0.000000000000000000e+00 0.000000000000000000e+00 0.000000000000000000e+00 0.000000000000000000e+00 0.000000000000000000e+00 0.000000000000000000e+00 0.000000000000000000e+00 0.000000000000000000e+00 0.000000000000000000e+00 0.000000000000000000e+00 0.000000000000000000e+00 0.000000000000000000e+00 0.000000000000000000e+00 0.000000000000000000e+00
