# Point charge contour data.
# For Grid size: 20 and Init sweeps: 100
0.000000000000000000e+00 0.000000000000000000e+00 0.000000000000000000e+00 0.000000000000000000e+00 0.000000000000000000e+00 0.000000000000000000e+00 0.000000000000000000e+00 0.000000000000000000e+00 0.000000000000000000e+00 0.000000000000000000e+00 0.000000000000000000e+00 0.000000000000000000e+00 0.000000000000000000e+00 0.000000000000000000e+00 0.000000000000000000e+00 0.000000000000000000e+00 0.000000000000000000e+00 0.000000000000000000e+00 0.000000000000000000e+00 0.000000000000000000e+00
0.000000000000000000e+00 1.075346409803677457e-04 2.191219851711877025e-04 3.371963043993852572e-04 4.625828021700587956e-04 5.936075404858803459e-04 7.252562733161677360e-04 8.487099808417802004e-04 9.518122875281674134e-04 1.021075684823556564e-03 1.045344081605356287e-03 1.019936003665260736e-03 9.486665308701962458e-04 8.418333236102964936e-04 7.120842973504564128e-04 5.707727469315682350e-04 4.259814864806036575e-04 2.821073844026388174e-04 1.404120726878806949e-04 0.000000000000000000e+00
0.000000000000000000e+00 2.191219851711876754e-04 4.472260099775158333e-04 6.901408069821684827e-04 9.504920974004890883e-04 1.225745737026845460e-03 1.506121031983740765e-03 1.773024552357136806e-03 1.999339384025006390e-03 2.153411028543099348e-03 2.207849248046086718e-03 2.150871642616399276e-03 1.992538693110253948e-03 1.758529529955285596e-03 1.478814139070606330e-03 1.178879169626859515e-03 8.757924827768970386e-04 5.780044667840988047e-04 2.870710543568125248e-04 0.000000000000000000e+00
0.000000000000000000e+00 3.371963043993852572e-04 6.901408069821684827e-04 1.070117810151817363e-03 1.483810682577271084e-03 1.929994568806234949e-03 2.395361814164847884e-03 2.850269640005407071e-03 3.246806295429883766e-03 3.523728779885032265e-03 3.623416250616226953e-03 3.519507954045931510e-03 3.235802153646163797e-03 2.827361612749517382e-03 2.352885318650264901e-03 1.857777920270910601e-03 1.369261849144343037e-03 8.984117849417877846e-04 4.445975196612682529e-04 0.000000000000000000e+00
0.000000000000000000e+00 4.625828021700587956e-04 9.504920974004890883e-04 1.483810682577270650e-03 2.077377391803322034e-03 2.735984051578136626e-03 3.446947353195016321e-03 4.170148524509646043e-03 4.828549975215623222e-03 5.308559928312609963e-03 5.487742048360222391e-03 5.302394983730082841e-03 4.812842628477835213e-03 4.138129869463507207e-03 3.388431839085102957e-03 2.637341629727341097e-03 1.921524088534007357e-03 1.250263698215698521e-03 6.155822165195524390e-04 0.000000000000000000e+00
0.000000000000000000e+00 5.936075404858803459e-04 1.225745737026845460e-03 1.929994568806234949e-03 2.735984051578136626e-03 3.663738420097902796e-03 4.712315554516674672e-03 5.839779553993992844e-03 6.934394278392238056e-03 7.790070320511462490e-03 8.132678270631989864e-03 7.781766290016593930e-03 6.913638802727417251e-03 5.798232847561483189e-03 4.637352436535225469e-03 3.538303268851860934e-03 2.538394481529456306e-03 1.633710673572589438e-03 7.991607009483846615e-04 0.000000000000000000e+00
0.000000000000000000e+00 7.252562733161677360e-04 1.506121031983740765e-03 2.395361814164847884e-03 3.446947353195016321e-03 4.712315554516674672e-03 6.227601534358449126e-03 7.981473162988210815e-03 9.847832248653294943e-03 1.147727046011216313e-02 1.222460442614674292e-02 1.146674813979755431e-02 9.821943870938269067e-03 7.930445090126341662e-03 6.136545402242466959e-03 4.560919926255339873e-03 3.209009500288935793e-03 2.038115283513853952e-03 9.893180430251159035e-04 0.000000000000000000e+00
0.000000000000000000e+00 8.487099808417799835e-04 1.773024552357136590e-03 2.850269640005407071e-03 4.170148524509646043e-03 5.839779553993992844e-03 7.981473162988212550e-03 1.070368853307669850e-02 1.399081802903835367e-02 1.739121964590489150e-02 1.939347746796652935e-02 1.737855352628520783e-02 1.396005532060968016e-02 1.064383610537065691e-02 7.875686514539228730e-03 5.664865465129129488e-03 3.895771470145094426e-03 2.437725702168301763e-03 1.173378443525408118e-03 0.000000000000000000e+00
0.000000000000000000e+00 9.518122875281674134e-04 1.999339384025006390e-03 3.246806295429883766e-03 4.828549975215623222e-03 6.934394278392238056e-03 9.847832248653294943e-03 1.399081802903835367e-02 1.990011160540208768e-02 2.773016383899070542e-02 3.466796633131238869e-02 2.771560130203572225e-02 1.986511773678595327e-02 1.392348003819406273e-02 9.729806653810013639e-03 6.740228274856608845e-03 4.524567642665059362e-03 2.789317254488457576e-03 1.331760431183917105e-03 0.000000000000000000e+00
0.000000000000000000e+00 1.021075684823556564e-03 2.153411028543099348e-03 3.523728779885032698e-03 5.308559928312611698e-03 7.790070320511461623e-03 1.147727046011216313e-02 1.739121964590489150e-02 2.773016383899070542e-02 4.694403118872936265e-02 7.779670146487865923e-02 4.692798752408240681e-02 2.769195294174063918e-02 1.731838769092218511e-02 1.135057466806850719e-02 7.582666038630996898e-03 4.984646133322357189e-03 3.036321541586352400e-03 1.440654602388707038e-03 0.000000000000000000e+00
0.000000000000000000e+00 1.045344081605356287e-03 2.207849248046086718e-03 3.623416250616227387e-03 5.487742048360222391e-03 8.132678270631989864e-03 1.222460442614674292e-02 1.939347746796652588e-02 3.466796633131238869e-02 7.779670146487865923e-02 2.444427081292150084e-01 7.777973035646149058e-02 3.462785368348242354e-02 1.931766244052228118e-02 1.209364714314514061e-02 7.919392151484936498e-03 5.155742848713867899e-03 3.124722736017920138e-03 1.478871389792456000e-03 0.000000000000000000e+00
0.000000000000000000e+00 1.019936003665260736e-03 2.150871642616399709e-03 3.519507954045932377e-03 5.302394983730083708e-03 7.781766290016593930e-03 1.146674813979755084e-02 1.737855352628520783e-02 2.771560130203571531e-02 4.692798752408239987e-02 7.777973035646149058e-02 4.691073247963473136e-02 2.767508983394759842e-02 1.730257040601774002e-02 1.133639409014922800e-02 7.570627957757169492e-03 4.975167910118408546e-03 3.029742381193348787e-03 1.437251363148923326e-03 0.000000000000000000e+00
0.000000000000000000e+00 9.486665308701962458e-04 1.992538693110253948e-03 3.235802153646164664e-03 4.812842628477836948e-03 6.913638802727418986e-03 9.821943870938269067e-03 1.396005532060968016e-02 1.986511773678595327e-02 2.769195294174063918e-02 3.462785368348242354e-02 2.767508983394759495e-02 1.982576471002889251e-02 1.388677219625510974e-02 9.697067762835248281e-03 6.712571675349124356e-03 4.502892733832945457e-03 2.774337356181917711e-03 1.324043069421465546e-03 0.000000000000000000e+00
0.000000000000000000e+00 8.418333236102963852e-04 1.758529529955285596e-03 2.827361612749517382e-03 4.138129869463507207e-03 5.798232847561481454e-03 7.930445090126341662e-03 1.064383610537065691e-02 1.392348003819406273e-02 1.731838769092218511e-02 1.931766244052227771e-02 1.730257040601773655e-02 1.388677219625510974e-02 1.057594249826565580e-02 7.815526886173339294e-03 5.614360679102070248e-03 3.856423997965981870e-03 2.410682983479067645e-03 1.159518008303598267e-03 0.000000000000000000e+00
0.000000000000000000e+00 7.120842973504560875e-04 1.478814139070606330e-03 2.352885318650264034e-03 3.388431839085102957e-03 4.637352436535225469e-03 6.136545402242466959e-03 7.875686514539228730e-03 9.729806653810013639e-03 1.135057466806850719e-02 1.209364714314513714e-02 1.133639409014922453e-02 9.697067762835246546e-03 7.815526886173339294e-03 6.035391230046352820e-03 4.476546639253027766e-03 3.143679723642073265e-03 1.993472509561416538e-03 9.665554496510633635e-04 0.000000000000000000e+00
0.000000000000000000e+00 5.707727469315681266e-04 1.178879169626859515e-03 1.857777920270909950e-03 2.637341629727340230e-03 3.538303268851860500e-03 4.560919926255339873e-03 5.664865465129129488e-03 6.740228274856608845e-03 7.582666038630996030e-03 7.919392151484936498e-03 7.570627957757168625e-03 6.712571675349124356e-03 5.614360679102071983e-03 4.476546639253026899e-03 3.405031010532705120e-03 2.435830568931332974e-03 1.564013849080898421e-03 7.637956818981718812e-04 0.000000000000000000e+00
0.000000000000000000e+00 4.259814864806036033e-04 8.757924827768969302e-04 1.369261849144343037e-03 1.921524088534006924e-03 2.538394481529456306e-03 3.209009500288935793e-03 3.895771470145094426e-03 4.524567642665060230e-03 4.984646133322357189e-03 5.155742848713867899e-03 4.975167910118408546e-03 4.502892733832945457e-03 3.856423997965982304e-03 3.143679723642073265e-03 2.435830568931332974e-03 1.767408650584754732e-03 1.146113104415758845e-03 5.629756413277598424e-04 0.000000000000000000e+00
0.000000000000000000e+00 2.821073844026387089e-04 5.780044667840988047e-04 8.984117849417875678e-04 1.250263698215698521e-03 1.633710673572589438e-03 2.038115283513853952e-03 2.437725702168301763e-03 2.789317254488456709e-03 3.036321541586352400e-03 3.124722736017920138e-03 3.029742381193348787e-03 2.774337356181917711e-03 2.410682983479067211e-03 1.993472509561416538e-03 1.564013849080898421e-03 1.146113104415758845e-03 7.484856048774783058e-04 3.692108200317375253e-04 0.000000000000000000e+00
0.000000000000000000e+00 1.404120726878806949e-04 2.870710543568124706e-04 4.445975196612682529e-04 6.155822165195524390e-04 7.991607009483846615e-04 9.893180430251159035e-04 1.173378443525408118e-03 1.331760431183916672e-03 1.440654602388706605e-03 1.478871389792455783e-03 1.437251363148923326e-03 1.324043069421465546e-03 1.159518008303597834e-03 9.665554496510631467e-04 7.637956818981718812e-04 5.629756413277598424e-04 3.692108200317376337e-04 1.825854829918071133e-04 0.000000000000000000e+00
0.000000000000000000e+00 0.000000000000000000e+00 0.000000000000000000e+00 0.000000000000000000e+00 0.000000000000000000e+00 0.000000000000000000e+00 0.000000000000000000e+00 0.000000000000000000e+00 0.000000000000000000e+00 0.000000000000000000e+00 0.000000000000000000e+00 0.000000000000000000e+00 0.000000000000000000e+00 0.000000000000000000e+00 0.000000000000000000e+00 0.000000000000000000e+00 0.000000000000000000e+00 0.000000000000000000e+00 0.000000000000000000e+00 0.000000000000000000e+00
