5.000000000000000000e-01 4.143999999999999906e-01
5.555555555555555802e-01 5.011999999999999789e-01
6.111111111111111605e-01 5.552000000000000268e-01
6.666666666666666297e-01 5.876000000000000112e-01
7.222222222222222099e-01 6.368000000000000327e-01
7.777777777777777901e-01 6.867999999999999661e-01
8.333333333333332593e-01 7.004000000000000226e-01
8.888888888888888395e-01 7.067999999999999838e-01
9.444444444444444198e-01 7.084000000000000297e-01
1.000000000000000000e+00 7.127999999999999892e-01
