# Free energy with time for a time step of 2.00, space step 1.00
-27.351370
-27.350344
-27.350338
-27.350338
-27.350340
-27.350343
-27.350347
-27.350352
-27.350358
-27.350365
-27.350373
-27.350382
-27.350393
-27.350404
-27.350418
-27.350432
-27.350449
-27.350468
-27.350489
-27.350513
-27.350540
-27.350570
-27.350604
-27.350642
-27.350685
-27.350734
-27.350789
-27.350851
-27.350920
-27.350999
-27.351088
-27.351188
-27.351302
-27.351430
-27.351575
-27.351740
-27.351927
-27.352140
-27.352381
-27.352656
-27.352970
-27.353329
-27.353740
-27.354212
-27.354756
-27.355384
-27.356111
-27.356958
-27.357949
-27.359114
-27.360495
-27.362145
-27.364135
-27.366569
-27.369590
-27.373420
-27.378409
-27.385154
-27.394767
-27.409566
-27.435152
-27.487407
-27.612833
-27.884322
-28.273032
-28.715120
-29.257415
-29.954322
-30.736177
-31.595560
-32.650717
-33.939755
-35.324339
-36.728993
-38.180319
-39.657844
-41.173327
-42.665361
-44.067295
-45.406423
-46.635151
-47.659594
-48.486074
-49.148478
-49.660199
-50.032187
-50.290446
-50.465142
-50.581794
-50.663914
-50.755218
-50.910632
-51.070389
-51.198879
-51.302820
-51.386817
-51.453184
-51.503971
-51.541836
-51.574788
