# Free energy with time for a time step of 2.00, space step 1.00, Grid size: 50
0.000000 -0.000002
201.005025 -0.000000
402.010050 -0.000001
603.015075 -0.000002
804.020101 -0.000004
1005.025126 -0.000009
1206.030151 -0.000024
1407.035176 -0.000060
1608.040201 -0.000152
1809.045226 -0.000377
2010.050251 -0.000899
2211.055276 -0.001964
2412.060302 -0.003714
2613.065327 -0.005871
2814.070352 -0.007851
3015.075377 -0.009308
3216.080402 -0.010293
3417.085427 -0.010988
3618.090452 -0.011535
3819.095477 -0.012000
4020.100503 -0.012403
4221.105528 -0.012755
4422.110553 -0.013068
4623.115578 -0.013355
4824.120603 -0.013618
5025.125628 -0.013853
5226.130653 -0.014065
5427.135678 -0.014258
5628.140704 -0.014434
5829.145729 -0.014597
6030.150754 -0.014750
6231.155779 -0.014895
6432.160804 -0.015033
6633.165829 -0.015167
6834.170854 -0.015297
7035.175879 -0.015423
7236.180905 -0.015547
7437.185930 -0.015667
7638.190955 -0.015785
7839.195980 -0.015900
8040.201005 -0.016012
8241.206030 -0.016121
8442.211055 -0.016225
8643.216080 -0.016325
8844.221106 -0.016420
9045.226131 -0.016511
9246.231156 -0.016598
9447.236181 -0.016681
9648.241206 -0.016759
9849.246231 -0.016833
10050.251256 -0.016904
10251.256281 -0.016971
10452.261307 -0.017034
10653.266332 -0.017095
10854.271357 -0.017152
11055.276382 -0.017208
11256.281407 -0.017262
11457.286432 -0.017314
11658.291457 -0.017367
11859.296482 -0.017426
12060.301508 -0.017504
12261.306533 -0.017611
12462.311558 -0.017716
12663.316583 -0.017803
12864.321608 -0.017873
13065.326633 -0.017930
13266.331658 -0.017978
13467.336683 -0.018019
13668.341709 -0.018056
13869.346734 -0.018088
14070.351759 -0.018119
14271.356784 -0.018147
14472.361809 -0.018175
14673.366834 -0.018201
14874.371859 -0.018226
15075.376884 -0.018251
15276.381910 -0.018274
15477.386935 -0.018297
15678.391960 -0.018319
15879.396985 -0.018341
16080.402010 -0.018362
16281.407035 -0.018383
16482.412060 -0.018404
16683.417085 -0.018424
16884.422111 -0.018444
17085.427136 -0.018463
17286.432161 -0.018482
17487.437186 -0.018500
17688.442211 -0.018519
17889.447236 -0.018537
18090.452261 -0.018555
18291.457286 -0.018572
18492.462312 -0.018589
18693.467337 -0.018606
18894.472362 -0.018623
19095.477387 -0.018640
19296.482412 -0.018656
19497.487437 -0.018672
19698.492462 -0.018688
19899.497487 -0.018705
20100.502513 -0.018720
20301.507538 -0.018736
20502.512563 -0.018752
20703.517588 -0.018767
20904.522613 -0.018782
21105.527638 -0.018797
21306.532663 -0.018812
21507.537688 -0.018827
21708.542714 -0.018841
21909.547739 -0.018856
22110.552764 -0.018871
22311.557789 -0.018886
22512.562814 -0.018900
22713.567839 -0.018915
22914.572864 -0.018929
23115.577889 -0.018943
23316.582915 -0.018958
23517.587940 -0.018972
23718.592965 -0.018987
23919.597990 -0.019001
24120.603015 -0.019015
24321.608040 -0.019030
24522.613065 -0.019044
24723.618090 -0.019058
24924.623116 -0.019072
25125.628141 -0.019086
25326.633166 -0.019100
25527.638191 -0.019115
25728.643216 -0.019129
25929.648241 -0.019143
26130.653266 -0.019157
26331.658291 -0.019172
26532.663317 -0.019186
26733.668342 -0.019200
26934.673367 -0.019214
27135.678392 -0.019228
27336.683417 -0.019243
27537.688442 -0.019258
27738.693467 -0.019273
27939.698492 -0.019288
28140.703518 -0.019304
28341.708543 -0.019319
28542.713568 -0.019335
28743.718593 -0.019351
28944.723618 -0.019367
29145.728643 -0.019383
29346.733668 -0.019400
29547.738693 -0.019416
29748.743719 -0.019432
29949.748744 -0.019448
30150.753769 -0.019465
30351.758794 -0.019482
30552.763819 -0.019500
30753.768844 -0.019518
30954.773869 -0.019536
31155.778894 -0.019555
31356.783920 -0.019574
31557.788945 -0.019594
31758.793970 -0.019613
31959.798995 -0.019633
32160.804020 -0.019653
32361.809045 -0.019673
32562.814070 -0.019693
32763.819095 -0.019713
32964.824121 -0.019733
33165.829146 -0.019753
33366.834171 -0.019773
33567.839196 -0.019792
33768.844221 -0.019812
33969.849246 -0.019830
34170.854271 -0.019849
34371.859296 -0.019867
34572.864322 -0.019884
34773.869347 -0.019901
34974.874372 -0.019917
35175.879397 -0.019933
35376.884422 -0.019949
35577.889447 -0.019964
35778.894472 -0.019979
35979.899497 -0.019994
36180.904523 -0.020008
36381.909548 -0.020021
36582.914573 -0.020034
36783.919598 -0.020047
36984.924623 -0.020060
37185.929648 -0.020072
37386.934673 -0.020083
37587.939698 -0.020094
37788.944724 -0.020105
37989.949749 -0.020116
38190.954774 -0.020126
38391.959799 -0.020136
38592.964824 -0.020147
38793.969849 -0.020157
38994.974874 -0.020167
39195.979899 -0.020176
39396.984925 -0.020185
39597.989950 -0.020194
39798.994975 -0.020202
40000.000000 -0.020210
