# Free energy with time for a time step of 1.00, space step 1.00, Grid size: 50
0.000000 -0.010937
201.005025 -0.010937
402.010050 -0.010937
603.015075 -0.010937
804.020101 -0.010937
1005.025126 -0.010937
1206.030151 -0.010937
1407.035176 -0.010937
1608.040201 -0.010937
1809.045226 -0.010937
2010.050251 -0.010937
2211.055276 -0.010937
2412.060302 -0.010937
2613.065327 -0.010937
2814.070352 -0.010937
3015.075377 -0.010937
3216.080402 -0.010937
3417.085427 -0.010937
3618.090452 -0.010937
3819.095477 -0.010937
4020.100503 -0.010937
4221.105528 -0.010937
4422.110553 -0.010937
4623.115578 -0.010937
4824.120603 -0.010937
5025.125628 -0.010937
5226.130653 -0.010937
5427.135678 -0.010937
5628.140704 -0.010937
5829.145729 -0.010937
6030.150754 -0.010937
6231.155779 -0.010937
6432.160804 -0.010937
6633.165829 -0.010937
6834.170854 -0.010937
7035.175879 -0.010937
7236.180905 -0.010937
7437.185930 -0.010937
7638.190955 -0.010937
7839.195980 -0.010937
8040.201005 -0.010937
8241.206030 -0.010937
8442.211055 -0.010937
8643.216080 -0.010937
8844.221106 -0.010937
9045.226131 -0.010937
9246.231156 -0.010937
9447.236181 -0.010937
9648.241206 -0.010937
9849.246231 -0.010937
10050.251256 -0.010937
10251.256281 -0.010937
10452.261307 -0.010937
10653.266332 -0.010937
10854.271357 -0.010937
11055.276382 -0.010937
11256.281407 -0.010937
11457.286432 -0.010937
11658.291457 -0.010937
11859.296482 -0.010937
12060.301508 -0.010937
12261.306533 -0.010937
12462.311558 -0.010937
12663.316583 -0.010937
12864.321608 -0.010937
13065.326633 -0.010937
13266.331658 -0.010937
13467.336683 -0.010937
13668.341709 -0.010937
13869.346734 -0.010937
14070.351759 -0.010937
14271.356784 -0.010937
14472.361809 -0.010937
14673.366834 -0.010937
14874.371859 -0.010937
15075.376884 -0.010937
15276.381910 -0.010937
15477.386935 -0.010937
15678.391960 -0.010937
15879.396985 -0.010937
16080.402010 -0.010937
16281.407035 -0.010937
16482.412060 -0.010937
16683.417085 -0.010937
16884.422111 -0.010937
17085.427136 -0.010937
17286.432161 -0.010937
17487.437186 -0.010937
17688.442211 -0.010938
17889.447236 -0.010938
18090.452261 -0.010938
18291.457286 -0.010938
18492.462312 -0.010938
18693.467337 -0.010938
18894.472362 -0.010938
19095.477387 -0.010938
19296.482412 -0.010938
19497.487437 -0.010938
19698.492462 -0.010938
19899.497487 -0.010938
20100.502513 -0.010939
20301.507538 -0.010939
20502.512563 -0.010939
20703.517588 -0.010939
20904.522613 -0.010939
21105.527638 -0.010939
21306.532663 -0.010940
21507.537688 -0.010940
21708.542714 -0.010940
21909.547739 -0.010940
22110.552764 -0.010940
22311.557789 -0.010941
22512.562814 -0.010941
22713.567839 -0.010941
22914.572864 -0.010942
23115.577889 -0.010942
23316.582915 -0.010943
23517.587940 -0.010943
23718.592965 -0.010943
23919.597990 -0.010944
24120.603015 -0.010945
24321.608040 -0.010945
24522.613065 -0.010946
24723.618090 -0.010947
24924.623116 -0.010948
25125.628141 -0.010949
25326.633166 -0.010950
25527.638191 -0.010952
25728.643216 -0.010953
25929.648241 -0.010955
26130.653266 -0.010957
26331.658291 -0.010960
26532.663317 -0.010963
26733.668342 -0.010967
26934.673367 -0.010972
27135.678392 -0.010977
27336.683417 -0.010985
27537.688442 -0.010996
27738.693467 -0.011010
27939.698492 -0.011032
28140.703518 -0.011065
28341.708543 -0.011117
28542.713568 -0.011196
28743.718593 -0.011307
28944.723618 -0.011451
29145.728643 -0.011622
29346.733668 -0.011819
29547.738693 -0.012047
29748.743719 -0.012316
29949.748744 -0.012626
30150.753769 -0.012969
30351.758794 -0.013328
30552.763819 -0.013691
30753.768844 -0.014050
30954.773869 -0.014403
31155.778894 -0.014751
31356.783920 -0.015094
31557.788945 -0.015438
31758.793970 -0.015787
31959.798995 -0.016146
32160.804020 -0.016514
32361.809045 -0.016887
32562.814070 -0.017258
32763.819095 -0.017616
32964.824121 -0.017958
33165.829146 -0.018283
33366.834171 -0.018593
33567.839196 -0.018879
33768.844221 -0.019134
33969.849246 -0.019352
34170.854271 -0.019535
34371.859296 -0.019687
34572.864322 -0.019811
34773.869347 -0.019912
34974.874372 -0.019993
35175.879397 -0.020059
35376.884422 -0.020112
35577.889447 -0.020155
35778.894472 -0.020189
35979.899497 -0.020217
36180.904523 -0.020239
36381.909548 -0.020258
36582.914573 -0.020272
36783.919598 -0.020284
36984.924623 -0.020294
37185.929648 -0.020302
37386.934673 -0.020308
37587.939698 -0.020314
37788.944724 -0.020318
37989.949749 -0.020322
38190.954774 -0.020325
38391.959799 -0.020327
38592.964824 -0.020330
38793.969849 -0.020332
38994.974874 -0.020333
39195.979899 -0.020335
39396.984925 -0.020336
39597.989950 -0.020337
39798.994975 -0.020337
40000.000000 -0.020338
