# Free energy with time for a time step of 2.00, space step 1.00
-0.004249
-0.000773
-0.001501
-0.003301
-0.007704
-0.018594
-0.045818
-0.114283
-0.286239
-0.711249
-1.714216
-3.853151
-7.668310
-12.950622
-18.442206
-22.872921
-25.928475
-27.975758
-29.441418
-30.588180
-31.553555
-32.405978
-33.176838
-33.883334
-34.539284
-35.154985
-35.732998
-36.268864
-36.756636
-37.198553
-37.598498
-37.961365
-38.293417
-38.600207
-38.885842
-39.153449
-39.405898
-39.646124
-39.877011
-40.101269
-40.321232
-40.538236
-40.752157
-40.961983
-41.166662
-41.365354
-41.557729
-41.744403
-41.926394
-42.103907
-42.277249
-42.448219
-42.617798
-42.784526
-42.946901
-43.104536
-43.256789
-43.402559
-43.541727
-43.675480
-43.804740
-43.929108
-44.047880
-44.161398
-44.270840
-44.377183
-44.480631
-44.580955
-44.678124
-44.772547
-44.864984
-44.956384
-45.047674
-45.139490
-45.231935
-45.324548
-45.416556
-45.507297
-45.596637
-45.685407
-45.775962
-45.872430
-45.978987
-46.095373
-46.215608
-46.333482
-46.446406
-46.554269
-46.657564
-46.756681
-46.851885
-46.943446
-47.031883
-47.118146
-47.203287
-47.287714
-47.370960
-47.452428
-47.531981
-47.609657
