# Free energy with time for a time step of 1.00, space step 1.00, Grid size: 50
0.000000 -0.010943
201.005025 -0.010942
402.010050 -0.010942
603.015075 -0.010942
804.020101 -0.010942
1005.025126 -0.010942
1206.030151 -0.010942
1407.035176 -0.010942
1608.040201 -0.010942
1809.045226 -0.010942
2010.050251 -0.010942
2211.055276 -0.010942
2412.060302 -0.010942
2613.065327 -0.010942
2814.070352 -0.010942
3015.075377 -0.010942
3216.080402 -0.010942
3417.085427 -0.010942
3618.090452 -0.010942
3819.095477 -0.010942
4020.100503 -0.010942
4221.105528 -0.010942
4422.110553 -0.010942
4623.115578 -0.010942
4824.120603 -0.010942
5025.125628 -0.010942
5226.130653 -0.010942
5427.135678 -0.010942
5628.140704 -0.010942
5829.145729 -0.010942
6030.150754 -0.010942
6231.155779 -0.010942
6432.160804 -0.010942
6633.165829 -0.010942
6834.170854 -0.010942
7035.175879 -0.010942
7236.180905 -0.010942
7437.185930 -0.010942
7638.190955 -0.010942
7839.195980 -0.010942
8040.201005 -0.010942
8241.206030 -0.010942
8442.211055 -0.010942
8643.216080 -0.010942
8844.221106 -0.010942
9045.226131 -0.010942
9246.231156 -0.010942
9447.236181 -0.010942
9648.241206 -0.010942
9849.246231 -0.010943
10050.251256 -0.010943
10251.256281 -0.010943
10452.261307 -0.010943
10653.266332 -0.010943
10854.271357 -0.010943
11055.276382 -0.010943
11256.281407 -0.010943
11457.286432 -0.010943
11658.291457 -0.010943
11859.296482 -0.010943
12060.301508 -0.010943
12261.306533 -0.010943
12462.311558 -0.010943
12663.316583 -0.010943
12864.321608 -0.010943
13065.326633 -0.010943
13266.331658 -0.010943
13467.336683 -0.010943
13668.341709 -0.010943
13869.346734 -0.010943
14070.351759 -0.010943
14271.356784 -0.010943
14472.361809 -0.010943
14673.366834 -0.010943
14874.371859 -0.010943
15075.376884 -0.010943
15276.381910 -0.010943
15477.386935 -0.010943
15678.391960 -0.010943
15879.396985 -0.010943
16080.402010 -0.010943
16281.407035 -0.010943
16482.412060 -0.010943
16683.417085 -0.010943
16884.422111 -0.010943
17085.427136 -0.010943
17286.432161 -0.010943
17487.437186 -0.010943
17688.442211 -0.010943
17889.447236 -0.010943
18090.452261 -0.010943
18291.457286 -0.010943
18492.462312 -0.010943
18693.467337 -0.010943
18894.472362 -0.010943
19095.477387 -0.010944
19296.482412 -0.010944
19497.487437 -0.010944
19698.492462 -0.010944
19899.497487 -0.010944
20100.502513 -0.010944
20301.507538 -0.010944
20502.512563 -0.010944
20703.517588 -0.010944
20904.522613 -0.010944
21105.527638 -0.010944
21306.532663 -0.010945
21507.537688 -0.010945
21708.542714 -0.010945
21909.547739 -0.010945
22110.552764 -0.010945
22311.557789 -0.010945
22512.562814 -0.010946
22713.567839 -0.010946
22914.572864 -0.010946
23115.577889 -0.010946
23316.582915 -0.010947
23517.587940 -0.010947
23718.592965 -0.010947
23919.597990 -0.010948
24120.603015 -0.010948
24321.608040 -0.010948
24522.613065 -0.010949
24723.618090 -0.010949
24924.623116 -0.010950
25125.628141 -0.010951
25326.633166 -0.010951
25527.638191 -0.010952
25728.643216 -0.010953
25929.648241 -0.010954
26130.653266 -0.010955
26331.658291 -0.010956
26532.663317 -0.010958
26733.668342 -0.010959
26934.673367 -0.010961
27135.678392 -0.010963
27336.683417 -0.010966
27537.688442 -0.010969
27738.693467 -0.010972
27939.698492 -0.010977
28140.703518 -0.010983
28341.708543 -0.010990
28542.713568 -0.011000
28743.718593 -0.011013
28944.723618 -0.011031
29145.728643 -0.011060
29346.733668 -0.011103
29547.738693 -0.011173
29748.743719 -0.011283
29949.748744 -0.011441
30150.753769 -0.011645
30351.758794 -0.011884
30552.763819 -0.012147
30753.768844 -0.012430
30954.773869 -0.012734
31155.778894 -0.013056
31356.783920 -0.013394
31557.788945 -0.013746
31758.793970 -0.014105
31959.798995 -0.014471
32160.804020 -0.014844
32361.809045 -0.015227
32562.814070 -0.015614
32763.819095 -0.015999
32964.824121 -0.016372
33165.829146 -0.016729
33366.834171 -0.017069
33567.839196 -0.017391
33768.844221 -0.017694
33969.849246 -0.017977
34170.854271 -0.018243
34371.859296 -0.018490
34572.864322 -0.018721
34773.869347 -0.018938
34974.874372 -0.019143
35175.879397 -0.019338
35376.884422 -0.019522
35577.889447 -0.019692
35778.894472 -0.019843
35979.899497 -0.019976
36180.904523 -0.020089
36381.909548 -0.020185
36582.914573 -0.020265
36783.919598 -0.020333
36984.924623 -0.020388
37185.929648 -0.020435
37386.934673 -0.020473
37587.939698 -0.020505
37788.944724 -0.020531
37989.949749 -0.020553
38190.954774 -0.020571
38391.959799 -0.020586
38592.964824 -0.020599
38793.969849 -0.020609
38994.974874 -0.020618
39195.979899 -0.020625
39396.984925 -0.020631
39597.989950 -0.020636
39798.994975 -0.020641
40000.000000 -0.020644
