# Free energy with time for a time step of 1.00, space step 1.00
-27.340397
-27.339402
-27.339390
-27.339385
-27.339383
-27.339381
-27.339381
-27.339380
-27.339380
-27.339380
-27.339380
-27.339381
-27.339381
-27.339382
-27.339382
-27.339383
-27.339384
-27.339385
-27.339386
-27.339387
-27.339388
-27.339389
-27.339391
-27.339392
-27.339393
-27.339395
-27.339397
-27.339398
-27.339400
-27.339402
-27.339404
-27.339407
-27.339409
-27.339411
-27.339414
-27.339417
-27.339420
-27.339423
-27.339426
-27.339429
-27.339433
-27.339437
-27.339441
-27.339445
-27.339450
-27.339454
-27.339459
-27.339464
-27.339470
-27.339476
-27.339482
-27.339488
-27.339495
-27.339502
-27.339510
-27.339518
-27.339526
-27.339535
-27.339544
-27.339554
-27.339565
-27.339576
-27.339587
-27.339600
-27.339613
-27.339626
-27.339641
-27.339656
-27.339672
-27.339689
-27.339707
-27.339726
-27.339746
-27.339767
-27.339790
-27.339813
-27.339838
-27.339865
-27.339893
-27.339922
-27.339954
-27.339987
-27.340022
-27.340059
-27.340098
-27.340140
-27.340184
-27.340230
-27.340280
-27.340332
-27.340387
-27.340446
-27.340508
-27.340575
-27.340645
-27.340719
-27.340798
-27.340883
-27.340972
-27.341067
