1.000000000000000056e-01 -3.623559999999999945e+03
2.526315789473684292e-01 -3.679619999999999891e+03
4.052631578947368807e-01 -3.610960000000000036e+03
5.578947368421052211e-01 -3.616320000000000164e+03
7.105263157894736725e-01 -3.452980000000000018e+03
8.631578947368421240e-01 -3.331360000000000127e+03
1.015789473684210575e+00 -3.279539999999999964e+03
1.168421052631579027e+00 -3.119199999999999818e+03
1.321052631578947478e+00 -2.901420000000000073e+03
1.473684210526315930e+00 -2.823380000000000109e+03
1.626315789473684381e+00 -2.568440000000000055e+03
1.778947368421052833e+00 -2.340280000000000200e+03
1.931578947368421062e+00 -2.096400000000000091e+03
2.084210526315789291e+00 -1.916940000000000055e+03
2.236842105263157965e+00 -1.719779999999999973e+03
2.389473684210526638e+00 -1.548680000000000064e+03
2.542105263157894868e+00 -1.411140000000000100e+03
2.694736842105263097e+00 -1.358480000000000018e+03
2.847368421052631771e+00 -1.287660000000000082e+03
3.000000000000000000e+00 -1.208720000000000027e+03
