1.000000000000000056e-01 2.186966399999335117e+05 3.378441275814310211e+04
2.526315789473684292e-01 4.363329911459537834e+04 7.710246143678745284e+03
4.052631578947368807e-01 1.633723431270095534e+04 3.043725322318183771e+03
5.578947368421052211e-01 3.587566336773149942e+03 6.610166284138246056e+02
7.105263157894736725e-01 9.127894408761616205e+02 1.839106639989192047e+02
8.631578947368421240e-01 7.246715288511617246e+02 1.273050858956076610e+02
1.015789473684210575e+00 7.369137222476116449e+02 1.595637689156886552e+02
1.168421052631579027e+00 9.690539728924654810e+02 1.987160661286577295e+02
1.321052631578947478e+00 1.249179758416785489e+03 2.062829258194095985e+02
1.473684210526315930e+00 1.763446137244376814e+03 3.709863591151306537e+02
1.626315789473684381e+00 1.516927588106339272e+03 3.079358744671478689e+02
1.778947368421052833e+00 1.729895922411268202e+03 2.256620378332646908e+02
1.931578947368421062e+00 1.121158698928652939e+03 2.028477909072820182e+02
2.084210526315789291e+00 1.046299714569861862e+03 2.119741625387949568e+02
2.236842105263157965e+00 1.038315265107266896e+03 1.958360579249981299e+02
2.389473684210526638e+00 9.310060323312328592e+02 1.550875635698201052e+02
2.542105263157894868e+00 7.327237994075439929e+02 1.418323736109168181e+02
2.694736842105263097e+00 5.057461492919934472e+02 1.074388116296494360e+02
2.847368421052631771e+00 5.438397328148679435e+02 1.010622295862049782e+02
3.000000000000000000e+00 5.214979555555619299e+02 8.117897888044674914e+01
