1.000000000000000056e-01 2.067999999999999972e+01
2.526315789473684292e-01 1.365600000000000023e+02
4.052631578947368807e-01 1.043999999999999950e+01
5.578947368421052211e-01 4.773999999999999773e+02
7.105263157894736725e-01 9.107999999999999829e+01
8.631578947368421240e-01 2.721600000000000250e+02
1.015789473684210575e+00 2.321200000000000045e+02
1.168421052631579027e+00 2.686399999999999864e+02
1.321052631578947478e+00 3.597200000000000273e+02
1.473684210526315930e+00 4.068399999999999750e+02
1.626315789473684381e+00 2.270800000000000125e+02
1.778947368421052833e+00 3.865199999999999818e+02
1.931578947368421062e+00 1.623600000000000136e+02
2.084210526315789291e+00 1.866399999999999864e+02
2.236842105263157965e+00 1.254800000000000040e+02
2.389473684210526638e+00 9.928000000000000114e+01
2.542105263157894868e+00 8.168000000000000682e+01
2.694736842105263097e+00 1.029200000000000017e+02
2.847368421052631771e+00 7.384000000000000341e+01
3.000000000000000000e+00 7.492000000000000171e+01
