1.000000000000000056e-01 8.575999999999906720e+01
2.526315789473684292e-01 4.021138888888423679e+01
4.052631578947368807e-01 2.301924506662170131e+02
5.578947368421052211e-01 1.383854752581087041e+03
7.105263157894736725e-01 2.897415910013717166e+03
8.631578947368421240e-01 1.534859898869706058e+03
1.015789473684210575e+00 2.486058690434639175e+03
1.168421052631579027e+00 1.354550640045451655e+04
1.321052631578947478e+00 3.156099327947163601e+03
1.473684210526315930e+00 2.098221071224489788e+04
1.626315789473684381e+00 9.042476481813133432e+03
1.778947368421052833e+00 1.427769775708133420e+04
1.931578947368421062e+00 6.741347915865438154e+03
2.084210526315789291e+00 3.832017762473218227e+03
2.236842105263157965e+00 1.537073464692041171e+03
2.389473684210526638e+00 9.758401179918099615e+02
2.542105263157894868e+00 7.589524210742896457e+02
2.694736842105263097e+00 8.148325689697264806e+02
2.847368421052631771e+00 4.985964782134813618e+02
3.000000000000000000e+00 5.308437333333333754e+02
